2 559.8677 148.9812 249
2 557.32825 150.20758 249
2 555.44403 150.10568 251
2 554.094 150.93933 249
2 552.1782 152.15433 249
2 550.5619 152.47168 253
2 549.1414 152.75159 255
2 547.9886 152.42972 260
2 546.9059 152.71921 260
2 545.85754 152.37735 260
2 545.8794 152.48065 260
2 545.61304 152.14047 260
2 545.5564 151.72983 260
2 545.2656 150.49095 258
2 545.4547 150.69995 260
2 545.4671 150.71744 260
2 545.26013 150.42758 260
2 545.2699 150.0896 260
2 544.9062 150.00119 262
2 544.4966 150.04602 262
2 544.38403 149.38124 260
2 543.8216 149.11807 262
2 543.4935 148.94455 262
2 543.18616 149.02893 262
2 542.25256 148.39433 262
2 541.96204 148.18387 260
2 541.432 147.98291 262
2 540.77673 147.61752 262
2 540.5221 147.26053 262
2 540.2851 147.43182 262
2 539.6949 146.38501 262
2 539.51337 146.60687 262
2 539.0342 146.44296 262
2 538.51874 145.99649 262
2 538.4421 146.21347 262
2 537.83344 146.78384 262
2 537.5012 147.65454 264
2 537.1664 147.15298 264
2 537.1017 148.03778 264
2 536.82996 147.2264 262
2 536.5987 147.24115 262
2 536.7934 147.33253 262
2 536.28314 147.1375 262
2 536.6816 147.45703 262
2 536.49524 147.82788 262
2 536.63184 147.49469 260
2 536.64404 148.55579 262
2 536.6744 147.66066 262
2 536.36505 147.58243 260
2 536.3119 147.48404 260
2 536.39685 147.43642 260
2 535.9602 147.54144 262
2 536.0966 148.24118 262
2 535.8586 148.1069 262
2 536.043 147.80482 260
2 535.79675 147.9094 262
2 536.0244 148.04288 262
2 535.63275 147.74216 262
2 535.96515 147.63568 262
2 535.7914 147.60316 262
2 535.89124 147.77403 262
2 535.70483 148.14749 262
2 535.91486 147.89702 262
2 535.78406 148.33858 262
2 535.83704 147.59573 262
2 536.01697 148.40591 262
2 535.86536 148.2852 262
2 535.58704 148.24915 262
2 535.71783 148.68184 262
2 535.29724 148.16626 264
2 535.83466 149.12234 262
2 535.79364 148.84286 262
2 535.69055 147.70142 262
2 536.12177 147.76074 262
2 536.36304 146.52478 262
2 536.69055 147.5067 262
2 536.44037 147.37427 262
2 536.3215 147.3825 262
2 537.1548 146.72815 260
2 537.0718 146.31534 262
2 537.3237 146.64362 262
2 537.513 146.3806 262
2 537.66205 146.43282 260
2 537.67883 146.06317 262
2 538.0365 146.98001 260
2 538.0149 146.27353 260
2 538.1062 146.20905 260
2 538.1602 146.32712 260
2 538.0508 146.88222 260
2 538.47504 146.53473 260
2 538.17883 146.70184 260
2 538.28613 146.35614 262
2 538.1931 147.17183 260
2 538.2865 146.83356 262
2 538.46313 146.85126 262
2 538.4414 147.02979 260
2 538.28217 147.25879 260
2 538.3343 146.47136 262
2 538.1222 147.16283 262
2 538.2061 147.39517 262
2 538.4717 146.92667 262
2 537.9525 146.9491 262
2 538.1045 147.00305 262
2 538.13074 146.96599 262
2 538.1968 146.80179 262
2 538.10486 147.50601 262
2 538.16296 146.71819 262
2 538.1046 147.21548 262
2 537.90106 146.86073 262
2 537.97876 147.5585 262
2 537.8624 146.66373 262
2 537.6044 146.72826 262
2 537.7623 146.89488 262
2 537.6314 146.75146 262
2 537.3287 146.43774 260
2 537.423 147.63867 262
2 537.5128 147.5814 262
2 537.28754 147.35135 262
2 537.184 147.38623 262
2 536.84534 146.79977 262
2 536.83746 146.54126 262
2 536.61487 147.01096 262
2 536.7588 147.21965 262
2 536.58496 147.05482 262
2 536.4597 147.00325 262
2 536.0944 147.41138 262
2 536.17786 147.73888 262
2 536.2054 147.44662 262
2 535.7995 147.32086 262
2 535.716 147.92744 262
2 535.8126 147.58304 262
2 535.932 147.86621 262
2 535.68555 147.04167 262
2 535.53394 148.03351 262
2 535.5852 146.61777 262
2 535.46423 147.46558 262
2 535.2658 146.6712 262
2 535.3371 147.63681 262
2 535.35767 147.86557 262
2 535.4276 146.96576 262
2 535.534 147.66907 262
2 535.0853 147.60313 262
2 535.41064 148.07516 262
2 535.3941 147.72092 262
2 535.26526 147.3103 262
2 535.34326 147.73056 262
2 534.9059 147.68509 262
2 535.20557 148.27853 262
2 535.27234 148.56213 262
2 535.28107 148.59619 262
2 535.32855 147.92123 262
2 535.3644 148.1477 262
2 535.6036 148.13554 262
2 535.52826 147.97879 262
2 535.5261 147.74106 262
2 535.69635 147.51321 262
2 535.6854 147.54611 262
2 535.69336 146.92447 262
2 535.89844 148.18442 262
2 535.7886 147.29126 262
2 536.0065 147.388 262
2 535.94543 147.63393 262
2 536.1035 147.96704 262
2 536.3049 147.72841 262
2 536.4125 148.09622 262
2 536.41205 147.06696 262
2 536.38696 147.46973 262
2 536.35547 147.00143 262
2 536.39856 147.03912 262
2 536.7057 147.4093 262
2 536.4551 147.5041 262
2 536.6569 147.78284 260
2 536.72156 147.62698 262
2 536.49255 146.81053 262
2 536.75305 147.51825 262
2 536.92346 147.69519 260
2 536.7994 147.38019 262
2 536.5687 147.06378 262
2 536.8946 147.43604 262
2 536.5779 146.89838 262
2 536.4718 147.43909 262
2 536.5859 146.943 262
2 536.59094 147.51492 262
2 536.46124 147.15784 262
2 536.3108 147.29475 262
2 536.3737 147.08041 262
2 536.4494 147.40225 262
2 536.3075 147.6766 262
2 536.334 147.98996 262
2 536.2281 146.58118 262
2 536.00275 147.02072 262
2 536.2712 147.39803 262
2 536.34546 147.20093 262
2 536.2371 147.03003 262
2 536.12775 147.05005 262
2 536.3116 147.08357 262
2 535.9613 146.99405 262
2 536.22906 146.8186 262
2 536.1913 146.91795 262
2 536.0563 147.19122 262
2 536.067 147.26883 262
2 536.14856 147.01178 262
2 536.0058 146.0591 262
2 536.3269 147.6977 262
2 536.3727 147.4294 262
2 536.1462 147.85486 262
2 536.1239 146.99817 262
2 536.2147 147.4934 262
2 536.33636 147.80528 262
2 536.2628 146.89699 262
2 536.06555 147.13821 262
2 536.31903 147.17511 262
2 536.2672 147.07141 262
2 536.16614 147.16354 262
2 536.16254 146.86464 262
2 536.29443 147.16147 262
2 536.3987 147.65848 262
2 536.17554 147.62512 262
2 536.17004 146.95789 262
2 536.34686 147.22333 262
2 536.1006 147.43047 262
2 536.2095 147.30963 262
2 536.2799 147.18655 262
2 536.179 147.69073 262
2 536.1762 147.71246 262
2 536.16095 147.29604 262
2 536.1684 147.15018 262
2 536.2667 148.04988 262
2 536.2261 147.72481 262
1 553.8857 148.58125 257
1 555.3507 148.29596 257
1 556.63074 148.18698 257
1 558.2656 148.83026 255
1 559.4606 149.56824 257
1 561.39453 148.94766 255
1 562.93945 149.73265 255
1 565.04224 149.21545 255
1 567.09106 147.37698 255
1 569.1726 145.63974 255
1 571.7096 145.22116 255
1 573.89276 145.05609 255
1 576.4778 143.98584 255
1 579.48975 145.85704 253
1 582.27545 145.0998 253
1 584.8916 143.80417 253
1 587.8073 142.18494 255
1 589.593 143.26009 255
1 591.15906 144.21033 255
1 592.4446 146.4118 257
1 594.10864 148.15094 258
1 595.53357 151.0091 258
1 597.0002 154.87225 258
1 598.70703 157.85468 260
1 599.9187 162.65668 258
1 601.29553 167.01343 258
1 602.45496 171.3432 260
1 603.77954 176.38972 262
1 605.50256 183.70277 262
1 605.9998 191.0257 262
1 607.8639 196.97034 262
1 610.2824 203.5369 262
1 613.58453 204.50159 264
1 615.70746 202.41473 264
1 617.38306 198.92157 271
1 617.9705 194.4308 279
1 619.474 184.19911 0
1 620.7156 178.11687 744
1 620.9429 150.33846 728
1 622.10986 104.99318 0
1 624.5719 36.95343 273
1 627.95374 28.161606 273
2 13.346191 178.18323 351
2 16.221344 170.60913 354
2 17.26184 166.58493 354
2 17.812439 162.71585 347
2 18.831451 159.85666 351
2 19.190002 150.07527 347
2 19.843536 146.79007 347
2 20.652924 141.53879 344
2 21.655396 138.63492 344
2 22.85849 136.99118 344
2 24.12149 135.92686 340
2 25.602417 135.74902 340
2 27.704102 136.87967 337
2 31.35028 137.8247 337
2 34.832092 137.34544 337
2 38.772003 134.6161 330
2 42.427094 134.12982 334
2 45.800323 136.2121 337
2 49.38028 139.01044 340
2 52.325836 140.51315 344
2 55.100525 141.40758 344
2 57.659943 139.84885 340
2 61.210358 141.22618 344
2 63.34674 140.78278 340
2 65.36005 140.72763 344
2 68.03737 140.83035 340
2 70.704254 141.42108 344
2 73.67586 143.27109 351
2 76.25307 143.82808 351
2 78.76961 143.43645 354
2 81.36246 142.9496 354
2 84.10846 143.18285 354
2 86.99164 143.05789 354
2 89.35408 143.26184 354
2 92.12105 144.21744 358
2 94.92282 143.93967 354
2 97.83281 144.18182 358
2 100.62457 143.88828 354
2 103.295975 143.48575 354
2 105.679794 143.26524 358
2 108.35631 143.27838 358
2 110.20047 142.16827 358
2 112.942566 141.64774 358
2 115.271255 140.39874 358
2 117.71942 138.07495 358
2 120.09566 138.3459 358
2 122.00008 135.49207 362
2 124.15959 133.71333 358
2 125.247604 130.81543 358
2 126.6017 129.08435 358
2 128.13777 127.78467 362
2 129.12965 131.41791 358
2 131.30609 134.21277 358
2 132.19978 133.6458 358
2 133.33794 134.06494 358
2 134.54881 135.0253 358
2 135.43222 134.23892 358
2 136.76347 135.98201 358
2 138.40672 135.81168 358
2 139.38911 135.92126 358
2 140.45973 135.24396 358
2 141.93048 135.75298 358
2 142.88257 136.20071 354
2 144.11214 136.37057 354
2 146.09737 136.72964 354
2 147.34937 136.3501 351
2 148.6034 137.17343 351
2 149.66109 137.66153 351
2 150.66263 136.01312 351
2 152.12405 136.521 347
2 153.34991 136.76825 351
2 154.75333 136.36678 351
2 156.01291 137.33447 351
2 157.34872 136.38611 354
2 159.0145 137.49384 354
2 160.08638 135.86577 351
2 161.56294 137.27211 354
2 162.5139 137.94305 354
2 163.93353 139.57199 351
2 165.10902 137.53058 347
2 166.00085 137.47339 347
2 167.46098 138.49615 347
2 168.65962 137.13959 347
2 169.46257 137.24081 347
2 170.30215 136.6917 344
2 171.16502 136.40862 344
2 171.76366 136.35411 344
2 172.35435 136.7673 344
2 172.73686 136.18948 344
2 172.94772 137.64255 344
2 173.06757 137.17126 347
2 173.46729 137.35097 347
2 173.74251 137.33914 347
2 173.92758 136.49231 347
2 174.23035 136.50539 347
2 174.2528 135.98578 347
2 174.10623 136.62537 347
2 174.37067 135.94519 351
2 174.49242 135.69931 351
2 174.35025 136.3578 351
2 174.2224 135.91644 351
2 173.96484 135.00104 351
2 173.81677 135.80008 351
2 173.93832 135.13785 354
2 173.55339 135.30884 354
2 173.38219 135.07675 354
2 172.81073 135.60785 354
2 172.72017 134.88602 354
2 172.08395 134.20238 354
2 172.13795 135.67743 354
2 171.3068 134.77936 354
2 171.18317 135.15857 354
2 170.63698 133.46204 351
2 170.32019 133.44272 351
2 170.03821 134.81122 354
2 169.45241 132.96379 354
2 169.33324 133.13997 354
2 169.24332 132.0953 354
2 169.06114 132.466 351
2 168.83319 131.92001 354
2 168.6917 131.74054 354
2 168.70586 132.90591 354
2 168.93709 132.5871 354
2 168.91377 132.47789 351
2 168.80606 133.35489 351
2 168.77432 132.66907 354
2 168.93661 132.63728 351
2 169.01736 132.57336 354
2 168.82327 133.21289 354
2 169.11374 133.45709 354
2 168.71506 132.74449 354
2 168.83505 132.34286 354
2 168.93591 133.32053 354
2 169.07567 132.40521 351
2 168.96556 132.42395 354
2 168.97087 132.39748 354
2 168.9019 133.31213 351
2 169.00244 133.27132 354
2 169.18016 132.48856 354
2 169.21068 133.15417 354
2 169.06769 131.99362 354
2 169.02563 131.9242 354
2 168.98036 132.45093 354
2 169.24959 133.31969 354
2 169.37505 131.87238 354
2 169.35745 132.30121 354
2 169.34677 133.05283 354
2 169.37523 133.12854 354
2 169.55469 132.61484 354
2 169.46297 132.96217 354
2 169.26385 132.50354 354
2 169.43217 133.47409 354
2 169.11006 132.39297 354
2 169.35606 132.5657 354
2 169.48196 133.34515 354
2 169.2324 132.69635 354
2 169.42119 133.58661 354
2 168.98898 133.3758 354
2 169.08981 133.15912 354
2 169.0455 131.86842 354
2 169.27185 132.64404 354
2 168.99469 132.41348 354
2 169.20236 133.19223 354
2 169.2546 132.39957 354
2 169.18608 133.18188 354
2 168.8661 132.25078 354
2 168.90698 132.42455 354
2 168.70215 132.08284 354
2 169.0586 132.44626 354
2 168.99507 132.1068 354
2 168.72002 131.45316 354
2 168.9568 132.88864 354
2 168.88722 132.84964 354
2 168.7431 132.04504 354
2 168.56494 131.74634 354
2 168.60059 131.6348 354
2 168.69229 132.25223 354
2 168.91795 132.03058 354
2 168.68633 132.24356 354
2 168.34512 131.50182 354
2 168.50896 131.31134 354
2 168.43202 132.49367 354
2 168.74017 132.77484 354
2 168.65865 131.61684 354
2 168.59648 131.46252 354
2 168.40701 131.25658 351
2 168.87363 132.33434 351
2 168.62424 131.97733 351
2 168.41281 131.36435 351
2 168.7348 131.95673 354
2 168.53421 131.60413 354
2 168.79991 132.29938 354
2 168.46074 131.6279 354
2 168.54903 131.66174 354
2 168.55635 131.4403 354
2 168.62703 132.00803 354
2 168.67415 132.65773 354
2 168.56369 131.58655 354
2 168.75143 131.69118 354
2 168.92593 132.02805 354
2 168.60143 131.43784 354
2 168.68996 131.45145 354
2 168.59293 132.59247 354
2 168.72926 132.37708 354
2 168.66602 130.86229 354
2 168.75346 131.80637 354
2 168.86215 132.20532 354
2 168.92052 131.78397 354
2 168.87234 131.3332 354
2 168.98676 131.82278 354
2 168.96407 131.92902 354
2 169.08672 132.18631 354
2 169.0885 132.51552 351
2 169.09154 132.13657 354
2 168.90291 131.82925 354
2 169.33171 131.38354 351
2 169.10959 132.15277 354
2 169.16393 131.98555 354
2 169.20952 132.89514 354
2 169.08147 131.87776 351
2 169.14052 132.8735 354
2 169.30943 131.64462 351
2 169.21066 131.65999 354
2 169.11433 131.41653 354
2 169.42392 132.9654 354
2 169.05685 132.85149 351
2 169.30498 131.32355 354
2 169.1697 131.29768 354
2 169.39853 131.64114 354
2 169.06999 132.62796 354
2 169.3782 132.13934 354
2 169.27995 132.16747 351
2 169.45758 132.18004 354
2 169.12218 131.70831 354
2 169.24445 131.86246 354
2 169.44121 131.75711 354
2 169.43811 132.29459 354
2 169.49182 131.7195 354
2 169.17545 132.41275 354
2 169.26825 132.00352 354
2 169.52258 133.1636 354
2 169.31061 132.24634 351
2 169.48381 132.64902 351
2 169.49982 132.17976 351
2 169.53181 132.9349 347
2 169.44604 132.28561 347
2 169.21031 132.60486 351
2 169.23337 131.09747 354
2 169.02757 131.30255 354
2 168.71335 131.08298 354
2 168.58347 130.83217 354
2 168.48872 129.50986 358
2 168.40738 130.38391 354
2 168.23193 129.65886 354
2 168.15993 129.8638 354
2 167.84322 129.60382 354
2 168.21184 130.20811 358
2 168.30093 130.0445 354
2 168.502 130.04953 354
2 168.53114 130.20808 358
2 168.91496 131.073 354
2 168.43011 130.49423 354
2 168.60478 130.45319 354
2 168.53546 130.7611 354
2 168.69475 131.12901 354
2 168.60895 130.83246 354
2 168.75334 130.86572 354
2 168.69113 130.94214 354
2 168.47813 130.6702 354
2 168.83311 130.18466 354
2 168.62297 130.42749 354
2 168.70981 130.17632 354
2 169.19656 130.6821 354
2 169.01167 130.6528 354
2 169.00198 130.69257 354
2 169.30278 131.51859 354
2 168.99776 131.43292 354
2 169.05469 131.46017 354
2 169.33795 131.43399 354
2 169.13942 131.59033 351
2 169.22556 131.81729 344
2 169.29872 131.44965 334
2 169.50813 132.09155 330
2 169.58273 131.77191 330
2 169.33221 132.23813 330
2 169.59761 131.71704 334
2 169.73991 132.25244 330
2 169.60057 132.95169 334
2 169.72229 131.46808 334
2 169.93933 132.53133 340
2 169.90096 132.30272 340
2 170.15552 132.23825 340
2 170.27548 131.76074 340
2 170.30334 131.15796 344
2 170.22382 131.87671 344
2 170.0796 131.55951 351
2 170.16484 131.22443 351
2 170.06032 131.09415 351
2 170.0363 132.12738 354
2 169.78127 131.54535 354
2 170.321 132.14435 354
2 170.34506 131.64801 354
2 169.9521 131.86197 354
2 170.42258 132.15744 354
2 170.49191 132.29993 354
2 170.2813 131.78116 354
2 170.40129 132.4206 354
2 170.54465 131.87027 354
2 170.41573 131.48564 354
2 170.67444 131.45084 354
2 170.428 132.08755 354
2 170.59949 132.13531 354
2 170.40636 132.39001 354
2 170.48705 131.6644 354
2 170.25174 130.55629 354
2 170.49942 132.62437 354
2 170.36551 131.55794 354
2 170.54077 131.94714 354
2 170.43758 131.41011 354
2 170.421 131.69473 354
2 170.47409 131.745 354
2 170.45929 132.06766 354
2 170.30824 131.66899 354
2 170.48672 131.6727 354
2 170.53033 132.42258 354
2 170.47408 131.16663 354
2 170.1769 131.57861 354
2 170.58122 133.0386 354
2 170.6196 132.30136 354
2 170.5899 132.60123 354
2 170.31982 131.90909 354
2 170.71904 133.49606 354
2 170.76994 132.67442 354
2 170.82451 132.45374 354
2 170.88715 132.55945 354
2 170.57228 131.90472 354
2 170.68484 131.89731 354
2 170.73152 132.52065 354
2 170.7551 133.00685 354
2 170.95502 134.27713 354
2 171.02214 131.72104 354
2 170.86578 132.95724 354
2 170.91042 132.23027 354
2 170.83884 132.2203 358
2 170.82083 132.73462 354
2 171.05531 132.7147 354
2 171.22154 133.07396 354