1 536.0494 159.42801 279
1 536.65424 158.80853 279
1 536.36176 158.70631 279
1 536.65533 158.2136 279
1 536.2133 158.27368 279
1 536.73816 159.36491 279
1 537.0339 158.1594 279
1 537.24023 157.88727 279
1 537.2764 157.23724 279
1 537.9497 156.9497 282
1 538.18475 155.1077 279
1 538.02 153.4642 282
1 538.2514 151.42213 282
1 538.5068 151.19362 279
1 538.176 149.54962 279
1 538.58356 148.01498 282
1 538.2671 146.55626 279
1 538.03156 144.40721 279
1 538.55493 144.6772 279
1 539.0748 142.74928 279
1 538.1632 141.34956 279
1 538.08673 140.02763 279
1 537.7053 139.42798 279
1 536.7312 137.5112 279
1 536.4439 138.7958 279
1 535.7161 135.52505 279
1 535.1132 135.22552 279
1 535.46576 136.16756 279
1 534.5924 135.9266 279
1 533.743 135.48062 279
1 532.92285 134.84737 279
1 532.90173 135.42194 277
1 532.16437 135.02136 279
1 531.3921 135.08319 279
1 531.02136 134.6514 279
1 530.34515 133.38474 279
1 529.5531 133.54443 279
1 529.12256 134.39816 279
1 527.8564 131.95169 279
1 527.0748 132.97278 279
1 526.16656 133.70374 279
1 524.9777 133.1517 279
1 523.0683 133.66022 279
1 521.9968 134.27054 279
1 520.20593 136.17812 279
1 519.56805 138.28691 279
1 518.03455 140.00645 279
1 516.61505 142.12836 279
1 515.7851 145.6773 279
1 513.9217 146.9378 279
1 512.9075 149.62805 284
1 510.40973 150.68121 284
1 509.43237 153.15765 284
1 507.94788 156.25136 282
1 506.2202 157.5315 282
1 505.64526 159.36664 284
1 504.77313 161.67708 284
1 504.99884 162.41293 284
1 503.87653 163.08392 286
1 504.2568 164.79335 286
1 504.71936 165.59404 284
1 505.3389 165.9382 284
1 506.55075 166.60541 282
1 506.99054 166.76715 284
1 507.53436 165.91183 282
1 508.2683 164.44958 282
1 509.5423 164.46558 282
1 510.08572 162.14919 282
1 511.45676 161.55862 282
1 511.6634 159.95378 279
1 512.10474 159.70015 279
1 513.07446 158.43002 282
1 512.1699 157.44623 282
1 513.1954 160.283 279
1 513.2145 159.01144 282
1 511.62506 158.50105 279
1 511.7384 162.04962 282
1 510.4713 162.6892 279
1 510.59302 163.69258 282
1 509.9264 164.7698 282
1 510.1818 164.35634 282
1 509.7898 164.10876 282
1 510.0274 163.77335 282
1 510.54492 163.53978 282
1 511.14648 163.36957 282
1 511.20627 162.9164 279
1 511.2243 162.95654 279
1 510.91162 163.45161 279
1 509.81555 162.43216 279
1 509.02206 162.68994 282
1 508.69275 162.6496 282
1 508.28192 163.68756 279
1 508.1218 164.19196 282
1 507.7661 162.82513 282
1 507.8026 163.44307 279
1 508.52347 162.85635 282
1 508.7493 161.90398 279
1 508.49255 160.85426 279
1 508.35724 160.5631 282
1 508.43475 158.82849 279
1 508.65002 159.10977 282
1 508.46283 158.82883 279
1 508.271 159.88348 279
1 508.4048 159.84085 279
1 508.00488 161.00555 279
1 507.092 161.45074 282
1 506.95673 162.83807 282
1 507.34552 161.88005 279
1 506.9384 161.40323 279
1 506.36017 159.5966 279
1 507.15155 159.79526 279
1 506.49963 156.76205 279
1 507.1157 156.35095 279
1 507.94952 157.56621 279
1 507.777 156.9126 279
1 507.74054 157.32469 279
1 507.42786 158.05112 279
1 507.94177 157.73163 279
1 507.63257 156.85959 279
1 507.8225 156.21033 279
1 507.52338 152.9402 279
1 507.19336 151.10611 279
1 507.66504 149.40315 277
1 507.48117 148.93219 279
1 507.93097 146.2799 279
1 508.13782 145.90988 279
1 508.3022 144.93353 279
1 508.39966 146.31944 279
1 507.77716 146.25845 277
1 507.1432 147.28021 279
1 507.15424 148.62413 277
1 506.05966 148.30783 277
1 505.9793 150.70714 279
1 504.88477 151.53377 277
1 505.10858 153.73528 277
1 504.49573 154.91815 279
1 504.16394 157.5184 279
1 503.36606 157.58057 279
1 503.30038 157.85379 279
1 503.53238 159.73145 279
1 503.26172 161.01749 279
1 503.14984 162.4237 279
1 503.5467 164.49252 282
1 503.51758 165.62982 279
1 502.79352 164.1484 282
1 503.0634 164.66795 282
1 503.63715 164.793 282
1 503.2548 164.14055 282
1 503.53333 165.24097 282
1 503.48633 164.73665 282
1 503.32227 164.88403 279
1 503.12433 164.45726 279
1 502.9193 164.23193 279
1 502.9439 164.26183 279
1 503.3305 166.30359 279
1 502.36652 166.34146 282
1 502.81647 166.32059 282
1 501.53815 166.48016 279
1 500.724 166.21167 279
1 500.4544 167.12115 279
1 499.4449 165.80292 282
1 498.64185 166.00928 279
1 497.0292 165.99854 279
1 495.89825 163.51634 279
1 494.4057 162.4046 282
1 492.56995 159.50276 282
1 490.29004 156.91519 282
1 487.39474 152.47 282
1 486.19678 149.66446 279
1 485.20465 146.9216 279
1 483.9854 143.48169 279
1 481.9127 139.36838 279
1 479.45056 135.70352 277
1 477.54578 132.45291 279
1 475.57822 130.67798 279
1 475.0188 129.44019 277
1 473.26062 127.52583 277
1 471.6068 125.929634 277
1 470.30646 124.72801 277
1 467.6257 123.78207 279
1 465.87878 123.21119 279
1 465.3702 122.45375 279
1 463.08954 120.85525 279
1 463.06323 121.54703 279
1 462.00662 120.059265 279
1 460.72192 119.389206 282
1 460.94708 120.518814 279
1 461.35083 120.9652 279
1 460.4398 121.53131 279
1 459.27423 122.89311 282
1 459.0006 123.42808 282
1 457.96313 124.20715 282
1 457.66516 124.16559 282
1 456.8332 124.56204 282
1 457.21967 123.65528 282
1 457.36746 123.02658 279
1 457.22287 122.441696 282
1 457.1968 122.17047 282
1 458.521 122.60231 279
1 458.96136 122.18042 279
1 459.20822 121.68781 282
1 459.79626 121.381584 282
1 460.48822 120.62943 279
1 460.70486 119.330666 282
1 461.8559 119.639305 279
1 462.7728 120.24731 284
1 464.08386 120.50543 282
1 466.1221 122.97659 282
1 466.1672 123.89969 282
1 466.43777 125.55133 282
1 468.57977 126.66325 284
1 469.1054 126.74468 282
1 468.8991 126.034515 284
1 470.2514 126.08399 279
1 470.84018 125.75999 284
1 471.8554 124.27681 282
1 476.80487 126.54152 279
1 481.67975 128.06891 279
1 487.38525 130.69432 275
1 492.57706 132.40413 277
1 497.9027 134.15094 275
1 503.11676 134.18396 275
1 507.29443 132.31985 271
1 512.9155 129.5077 271
1 518.43774 129.18097 271
1 521.6809 131.65361 271
1 526.4846 133.63858 271
1 529.7226 136.46078 271
1 533.6544 139.81314 271
1 535.9658 142.35333 271
1 540.0921 144.30621 273
1 543.9149 144.62598 273
1 547.42334 147.30447 275
1 548.4998 150.68954 273
1 550.60364 151.93832 273
1 552.5618 153.37094 275
1 553.7669 155.73856 275
1 555.38354 155.95969 275
1 557.18256 157.3826 275
1 558.3167 158.3846 273
1 559.9553 157.96753 275
1 560.7732 158.72253 277
1 561.05005 161.0138 275
1 561.433 164.19992 275
1 562.19824 165.57635 275
1 562.25116 167.30135 277
1 562.3642 167.66068 275
1 561.91797 169.14587 277
1 562.18396 169.8678 277
1 561.34515 173.13846 275
1 560.89966 173.17798 275
1 561.10144 172.42278 277
1 561.0846 172.18442 277
1 560.35913 174.88222 275
1 560.3778 173.05971 277
1 560.3776 174.7024 275
1 560.56213 173.91066 275
1 560.5264 171.29745 275
1 560.28754 171.21075 275
1 560.3418 171.11862 275
1 560.03467 169.2063 273
1 559.4038 168.78206 273
1 559.588 166.603 271
1 559.0531 164.96915 271
1 558.5737 163.61737 271
1 558.465 162.30649 271
1 557.93384 161.00674 269
1 557.2571 161.13922 269
1 556.34985 160.8183 269
1 555.49274 159.97592 266
1 554.8888 159.94295 266
1 554.6433 159.5365 264
1 554.3273 158.76846 266
1 553.7822 158.0622 266
1 554.35645 155.96918 269
1 553.827 158.38681 266
1 554.16595 157.85895 266
1 554.651 156.91946 266
1 554.83795 157.18259 266
1 554.5423 158.72446 266
1 554.2625 159.75815 264
1 554.84015 160.12332 266
1 555.36615 161.93968 264
1 555.09796 162.14175 269
1 555.7971 161.39935 266
1 555.2756 162.23277 266
1 555.1908 162.8884 269
1 555.0189 163.32013 266
1 554.56616 161.42805 269
1 554.5626 159.00568 269
1 554.28723 159.16971 266
1 553.30676 159.59882 269
1 553.0903 158.82227 264
1 552.9791 157.66006 269
1 552.1941 157.17587 266
1 552.0387 157.59802 266
1 551.9812 158.40985 264
1 551.4237 159.65482 264
1 551.8422 161.6145 262
1 551.79785 161.40677 262
1 552.6975 161.71986 266
1 552.6189 161.26544 266
1 551.9736 161.95692 264
1 551.73425 161.63222 264
1 551.3067 159.29166 266
1 551.04315 158.29767 266
1 550.4932 157.28021 269
1 549.95184 157.6128 266
1 549.6553 157.449 266
1 548.9603 159.30215 264
1 549.25085 157.73958 266