1 452.84088 187.32585 310
1 453.19318 187.26385 310
1 452.60858 187.25227 310
1 453.09033 186.481 310
1 453.2895 186.16368 310
1 452.81268 187.98589 310
1 453.02505 186.47958 310
1 452.87726 187.53778 310
1 452.9383 187.09875 310
1 453.08667 188.6955 310
1 453.07098 186.64001 310
1 452.6548 187.00885 310
1 452.89285 186.56503 310
1 452.88382 187.2941 310
1 453.04095 186.60449 310
1 452.68222 186.57559 310
1 452.8263 188.58685 310
1 453.24155 187.28418 310
1 453.1223 187.72845 310
1 453.0658 186.20038 310
1 453.1042 187.72025 310
1 452.77765 188.29765 310
1 453.0003 187.27805 310
1 453.19977 188.50761 310
1 453.59253 187.3377 310
1 453.4314 187.25433 310
1 453.61572 187.5371 310
1 453.6175 188.07335 310
1 453.30344 188.68224 310
1 453.0146 188.36383 310
1 453.2041 188.01262 310
1 453.84418 187.77654 310
1 453.41467 188.35803 310
1 453.0688 188.94305 310
1 453.35388 188.94702 310
1 453.34616 189.15283 310
1 453.71063 187.15593 310
1 453.54514 188.53885 310
1 453.8183 188.58354 310
1 454.05612 187.55544 310
1 453.99188 187.21538 310
1 454.24078 187.3968 310
1 454.1864 187.5237 310
1 454.17548 187.67451 310
1 454.58826 188.01793 310
1 454.44846 187.42857 310
1 454.49887 189.08638 310
1 454.87866 187.72807 310
1 454.46497 187.05727 310
1 454.3004 188.84827 310
1 454.5625 187.87352 310
1 455.22864 187.26231 310
1 454.83398 188.00052 310
1 454.8576 188.18964 310
1 454.8119 187.43193 310
1 454.91418 187.77997 310
1 454.85205 187.24132 310
1 455.06805 189.33252 310
1 455.56686 188.40608 310
1 454.58466 188.32748 310
1 454.78912 187.58084 310
1 454.58704 187.14641 310
1 454.63925 187.87086 310
1 455.0257 188.04071 310
1 454.71637 188.02225 310
1 454.6858 188.26512 310
1 454.59402 188.9678 310
1 454.47385 188.18465 310
1 454.73962 189.23647 310
1 454.40994 188.83737 310
1 454.82013 187.5607 310
1 454.88794 188.12979 310
1 454.66913 188.02486 310
1 454.26892 189.46521 310
1 454.20966 189.1438 310
1 454.1407 189.44308 310
1 453.99396 189.1069 310
1 453.979 189.2995 310
1 454.4716 189.35654 310
1 454.36975 189.82314 310
1 454.34576 188.15912 310
1 454.1338 188.12555 310
1 454.00327 189.53896 310
1 454.06262 187.86176 310
1 453.9995 187.60522 310
1 453.9917 189.80711 310
1 454.2342 188.0596 310
1 454.0603 189.092 310
1 453.80524 189.32916 310
1 454.0846 188.38309 310
1 453.92712 188.67303 310
1 453.9327 188.38138 310
1 453.74927 188.04128 310
1 453.7632 188.60445 310
1 453.97034 188.30759 310
1 453.82806 187.75002 310
1 453.3426 188.59738 310
1 453.5144 188.54424 310
1 453.41913 190.1845 310
1 453.596 190.47446 310
1 452.9315 192.47507 310
1 452.68097 192.84253 310
1 452.66302 192.50153 310
1 452.26184 193.52455 310
1 453.065 192.84807 310
1 453.1691 194.94186 307
1 452.68225 197.89102 307
1 452.69653 196.81358 310
1 452.14557 198.79451 307
1 452.7802 199.4508 307
1 453.36285 202.30455 304
1 452.7716 203.79764 304
1 453.33115 204.15085 301
1 453.78058 205.94371 301
1 453.85193 207.00769 301
1 454.3176 208.7402 301
1 454.30545 210.69138 299
1 454.8496 211.27426 296
1 455.4007 212.41692 296
1 455.93292 215.98218 294
1 456.65915 217.29935 289
1 456.22827 218.19792 286
1 456.38602 220.31049 284
1 456.07614 221.25221 282
1 456.35864 223.10469 279
1 456.56302 224.59383 279
1 456.84454 225.61226 279
1 456.7284 226.96037 279
1 456.81476 227.76408 277
1 457.04413 228.8093 277
1 457.41037 229.92294 273
1 458.07565 231.06398 273
1 458.08032 231.42796 273
1 457.93503 234.0969 275
1 457.30334 234.57257 273
1 457.86432 235.45139 273
1 458.43884 236.43022 271
1 459.0758 236.6848 271
1 457.89484 237.82153 271
1 457.5083 238.10431 271
1 457.41068 239.02562 271
1 456.31918 239.54242 271
1 455.90256 239.95695 271
1 455.59998 240.0232 271
1 454.4081 240.81442 273
1 454.0351 240.45691 271
1 454.29794 240.34346 275
1 453.49237 240.38127 275
1 452.96375 240.64215 275
1 452.68628 238.87524 282
1 451.81116 239.31842 282
1 452.05695 239.32097 277
1 452.25098 239.56424 277
1 452.38135 239.17152 277
1 451.99582 239.21252 284
1 452.2198 239.14247 279
1 452.26617 238.98167 284
1 451.76184 238.69252 286
1 451.97577 238.8655 286
1 452.16208 238.53642 282
1 452.1031 239.00394 282
1 451.77496 238.21663 286
1 452.25504 239.07788 279
1 452.22388 238.88487 284
1 452.44617 239.2316 277
1 452.01978 239.19273 279
1 452.40375 239.22157 282
1 451.95303 239.44556 284
1 451.98248 238.87318 286
1 452.26138 239.11069 279
1 452.54474 239.28804 282
1 452.7961 239.30338 279
1 452.3406 238.76479 284
1 452.09924 238.85777 282
1 452.32397 239.23064 279
1 452.2829 239.15063 282
1 452.83136 239.24365 279
1 452.6614 238.374 279
1 452.94424 238.87991 284
1 452.8886 239.01286 279
1 452.83514 239.0394 279
1 452.68964 239.16042 279
1 452.43872 239.00673 279
1 452.9903 238.98524 284
1 452.72186 239.19417 277
1 452.54486 238.6685 279
1 452.97937 238.63544 282
1 452.4825 238.97954 284
1 452.0988 238.87532 284
1 452.7151 239.1332 279
1 453.16623 239.34354 277
1 452.69214 238.97047 282
1 452.9453 238.8428 284
1 453.05966 238.93552 282
1 453.0712 238.87526 279
1 452.70404 238.9671 284
1 453.30884 238.79747 279
1 452.78647 238.54123 277
1 452.5016 238.15411 279
1 451.38782 239.15526 277
1 451.3634 238.73611 277
1 452.07397 238.74109 273
1 452.61072 238.44392 273
1 452.30374 237.83777 271
1 451.85202 237.62996 275
1 452.13385 236.89285 273
1 452.17313 236.90294 273
1 451.1994 236.18532 273
1 451.45532 236.68994 273
1 451.23758 236.15672 273
1 451.4682 235.9722 273
1 451.20633 235.81693 273
1 451.3993 235.74492 273
1 451.38068 235.46492 273
1 451.29193 236.06078 273
1 452.15002 235.6739 271
1 452.29758 236.19215 271
1 451.183 235.98053 273
1 451.64545 236.23874 273
1 452.92416 235.8247 273
1 452.04178 236.00935 273
1 452.89813 235.06682 273
1 453.4102 234.2331 275
1 453.99835 233.40788 277
1 454.61456 233.09326 282
1 455.91498 231.59116 279
1 458.94763 229.68544 277
1 459.19742 228.73898 279
1 460.28558 227.74982 279
1 461.33667 227.1195 279
1 462.67963 226.91397 282
1 463.30072 227.13799 284
1 463.93787 227.81244 284
1 464.9251 228.12523 286
1 467.07465 227.55951 284
1 467.43692 228.83464 286
1 466.92944 229.75334 291
1 469.98578 228.88017 289
1 471.8919 228.96915 289
1 471.45093 228.90007 291
1 472.7461 229.57666 291
1 473.41418 229.35568 291
1 474.81235 229.1582 291
1 475.74048 229.28789 289
1 476.94116 230.55844 289
1 477.61804 230.4954 289
1 478.31705 230.76607 289
1 479.35822 230.28415 291
1 480.24286 230.1061 289
1 481.083 230.27567 291
1 481.15967 230.27765 291
1 481.551 230.44995 291
1 482.31104 230.24138 291
1 482.79736 230.72507 291
1 483.9597 230.38602 291
1 483.88934 230.57515 291
1 485.56552 230.42505 291
1 485.351 230.76697 294
1 486.40643 230.63863 294
1 488.44684 231.0568 294
1 488.86804 230.82251 294
1 489.08026 230.84093 291
1 491.0862 231.06096 291
1 493.57898 231.60623 294
1 494.9024 230.59436 291
1 497.29315 232.3927 291
1 498.4469 232.59404 294
1 499.6131 232.77173 294
1 500.75668 231.92497 294
1 502.10468 233.43965 294
1 506.22647 232.40317 291
1 502.50336 229.33833 296
1 503.9303 228.3461 296
1 503.5908 228.41522 296
1 503.5976 227.7266 296
1 503.5048 227.44614 296
1 504.4203 226.23685 296
1 503.65405 225.48474 296
1 504.2979 224.89557 296
1 504.8921 224.20592 296
1 504.04797 224.42313 296
1 504.08618 224.26872 299
1 505.82257 224.55597 296
1 505.79395 224.79129 296
1 505.2969 223.98451 299
1 505.34705 224.29868 296
1 506.18594 223.76949 296
1 505.93808 223.83577 299
1 506.42206 223.61052 296
1 506.7943 223.66125 299
1 507.18338 223.55127 299
1 507.7608 224.002 299
1 506.7511 223.62381 296
1 507.7093 224.88528 299
1 507.2862 224.6063 296
1 508.98685 225.28212 296
1 519.5467 229.83691 291
1 519.4583 230.1227 294
1 520.2456 230.0232 291
1 519.0569 230.43047 294
1 517.011 229.1912 294
1 516.4749 229.30579 296
1 517.2014 229.01904 296
1 516.3159 228.63383 294
1 513.7135 227.80887 296
1 514.6284 227.4587 294
1 513.1769 227.75323 294
1 513.53534 228.32422 294
1 512.5997 228.2773 294
1 513.62646 229.11366 291
1 514.4486 229.30418 294
1 515.3646 229.27034 289
1 514.4772 229.91173 291
1 515.5636 230.17574 289
1 514.1935 230.41673 289
1 514.3643 230.70605 289
1 514.06464 231.15642 289
1 514.1566 230.81664 289
1 513.34015 230.86917 289
2 35.93222 188.58507 246
1 512.8208 231.07668 291
2 36.6203 186.26462 244
1 512.7727 230.87292 291
2 37.051636 183.63684 244
1 513.6388 230.44942 289
2 38.18152 182.803 244
1 513.5701 230.39145 289
2 39.371674 181.20569 244
1 513.72015 229.75319 291
2 40.370514 180.2161 240
1 513.9075 229.81046 291
2 41.934143 179.47989 239
1 515.1986 229.46367 291
2 42.929382 178.74825 240
1 516.13324 229.16086 289
2 44.180267 178.5105 240
1 517.2301 229.2778 289
2 45.710297 178.68234 239
1 516.4059 228.37244 294
2 47.148804 179.38026 240
1 516.8307 228.00217 294
2 47.01709 177.96445 239
1 518.08765 228.01094 291
2 47.469635 177.4056 239
1 517.65186 227.40634 294
2 47.63861 178.932 239
1 518.05096 228.04378 296
2 43.598297 187.48294 240
1 518.8511 227.59137 294
2 45.55249 188.2797 242
1 520.9538 227.16463 294
2 47.148712 188.21861 242
1 521.28784 227.73875 294
2 51.02777 190.97467 246
1 520.84564 229.38826 294
2 54.984497 193.35233 246
1 521.27716 229.63246 294
2 57.529907 196.685 249
1 520.9238 229.78702 294
2 59.707764 196.86792 249
1 521.21643 229.99124 294
2 61.99652 197.74446 251
1 521.3512 229.71309 294
2 64.037186 198.68591 253
1 521.94336 229.6788 294
2 68.0775 193.06776 251
1 520.1044 231.03883 294
2 69.431625 193.91165 253
1 520.50256 231.1397 294
2 60.720917 206.97058 232
1 519.8131 231.09752 294
2 61.185333 206.99152 232
1 520.2518 231.34433 294
2 61.21225 207.48253 234
1 519.28174 232.15108 294
2 61.91739 207.72333 235
1 519.3914 231.40137 294
2 62.655426 209.13582 237
1 519.24915 231.29718 294
2 63.382355 209.47995 239
1 518.9126 231.82616 294
2 64.43706 208.8624 242
1 518.1242 231.8409 294
2 65.42546 209.01225 246
1 519.10223 232.02473 294
2 66.09079 209.16365 251
1 518.1216 232.27266 294
2 67.170685 210.2759 251
1 517.7764 232.28203 294
2 68.44733 210.21054 253
1 517.55414 232.966 291
2 69.35678 210.13838 251
1 517.0145 233.73929 291
2 69.02777 210.85843 251
1 516.40283 233.72665 291
2 69.41469 211.52588 251
1 516.1 234.19377 291
2 69.83707 212.73949 251
1 515.0372 233.49551 289
2 70.108185 213.59177 251
1 515.4626 234.17444 291
2 71.377014 214.89444 251
1 514.60944 234.67119 289
2 72.08559 215.70634 251
1 513.5549 234.79924 289
2 72.7755 216.48378 253
1 513.0383 234.87682 291
2 73.4099 217.70175 249
1 513.21875 234.72266 286
2 74.95332 218.98187 246
1 512.31586 234.91553 286
2 76.63876 219.612 242
1 512.0866 235.25304 289
2 78.057755 220.94696 244
1 511.6129 235.93378 289
2 79.206024 221.68146 244
1 511.47034 235.33675 289
2 80.4897 221.62894 244
1 510.8534 235.93771 289
2 81.67003 223.963 246
1 510.83725 235.321 286
2 82.550644 225.30316 246
1 511.0763 235.52295 284
2 83.85423 226.6279 246
1 510.1046 236.37627 289
2 85.84282 226.63956 247
1 509.70496 236.33366 289
2 87.36043 228.87357 249
1 509.41882 236.62741 289
2 89.5558 228.8 251
1 509.43317 236.84889 286
2 91.37784 229.24449 251
1 508.3567 237.57774 289
2 93.09224 230.75954 251
1 507.26855 234.87556 289
2 95.003555 230.94551 253
1 507.46155 235.22801 289
2 97.14987 230.7811 253
1 507.45978 235.40845 282
2 99.82675 230.06073 253
1 508.02216 235.98595 277
2 102.41551 230.39569 253
1 507.89282 235.85896 273
2 127.12309 223.17955 260
1 507.1978 236.1452 273
2 128.92615 224.35956 262
3 54.520935 249.5765 286
1 507.04932 236.12567 271
2 131.63838 226.01257 262
3 53.734924 249.00204 289
1 505.76337 236.06062 273
2 134.16064 226.63269 262
3 53.911713 248.422 294
1 506.2202 235.73708 271
2 136.33582 228.50604 262
3 53.726288 248.41823 294
1 505.25928 235.26463 271
2 138.56111 230.5691 262
3 54.982727 247.69424 296
1 504.7624 235.18353 271
2 140.85669 231.88966 262
3 55.509796 246.82132 301
1 505.21805 235.12273 271
2 141.99596 234.7509 260
3 56.842865 245.55186 304
1 503.94327 234.70883 271
2 144.03813 236.08597 260
3 58.564728 243.68933 304
1 504.31348 235.46791 271
2 147.69536 239.1738 260
3 62.02591 241.03523 312
1 503.4024 235.02711 271
2 149.144 239.87354 258
3 64.21124 239.77809 315
1 503.7043 235.45477 271
2 149.62146 241.25214 257
3 65.96312 238.69102 318
1 503.4522 236.57605 271
2 150.9685 243.13908 258
3 69.751465 236.08171 318
1 504.46997 236.11073 271
2 151.72101 244.23506 258
3 72.185394 234.53601 315
1 504.96655 236.24765 271
2 153.14207 245.03923 258
3 75.814865 232.58945 315
1 503.9021 236.88802 271
2 154.2951 246.47644 257
3 78.39653 231.02155 315
1 504.71014 237.14651 271
2 155.63345 247.51042 257
3 80.994705 228.80406 315
1 503.368 237.44246 271
2 157.1928 248.45413 257
3 84.54025 226.83131 312
1 504.1685 237.20833 271
2 159.0593 248.98264 257
3 86.535904 224.68349 312
1 504.6136 237.4571 271
2 160.14496 249.30017 258
3 89.8497 222.67285 310
1 503.84647 236.54526 271
2 163.26132 248.89299 258
3 93.1431 219.93982 307
1 504.2138 236.62695 271
2 166.26778 250.24525 258
3 96.24867 219.3822 307
1 503.85266 237.29677 271
3 98.5155 217.69273 310
2 167.77477 250.19263 260
1 504.2704 236.8728 271
2 169.9039 249.39076 260
3 101.8855 216.02696 307
1 503.68463 236.99579 271
2 171.49075 249.19095 260
3 105.3042 214.90521 307
1 503.9627 237.02016 271
2 173.19121 248.42323 258
3 108.585144 213.90025 307
1 503.23544 236.2189 271
3 111.11871 213.1575 307
2 174.34792 248.11922 258
1 503.13715 236.85403 271
2 175.01523 247.87138 260
3 113.33653 213.6694 307
1 504.12936 237.27966 271
2 175.98276 247.58752 260
3 115.8376 213.89018 307
1 503.3831 236.66277 271
2 176.07425 247.50931 260
3 117.800446 213.97983 307
1 504.19165 237.30127 271
2 177.39438 247.63365 260
3 120.378265 214.03976 307
1 504.30075 237.35394 271
2 177.3723 247.72327 260
3 121.746124 214.60915 304
1 503.40143 236.62929 271
2 178.36609 247.3738 260
3 122.86946 215.17163 304
1 503.31512 236.69415 271
2 178.72137 247.26138 260
3 125.203415 215.43304 307
1 502.5434 236.80492 271
2 179.53479 247.57047 260
3 126.52316 215.94962 310
1 503.2295 237.3636 271
2 179.9188 247.52753 260
3 128.27496 215.643 310
1 504.15994 238.02327 271
2 181.48288 247.93887 260
3 130.36005 216.20224 310
1 504.1736 239.12091 271
2 182.6771 248.45564 260
3 133.19455 216.07184 310
1 504.2705 239.45203 271
2 182.71838 248.22844 260
3 133.45374 216.31021 310
1 503.63525 239.08438 271
2 183.42436 248.89438 260
3 136.84186 215.57756 307
1 503.79327 239.1278 271
2 184.62856 248.21931 258
3 137.62236 215.84515 307
1 503.78625 239.69893 271
2 185.3972 247.26624 258
3 138.67009 215.49829 307
1 503.78992 239.117 271
2 185.62431 246.85132 258
3 140.70428 214.8135 307
1 503.50992 239.34248 271
3 141.87816 215.37616 307
2 186.38957 246.91446 257
1 502.68835 239.43073 273
2 187.15776 246.21217 0
3 144.5287 215.63513 307
1 502.28598 239.58354 273
2 187.84756 245.59418 258
3 145.80058 215.91809 307
1 502.77386 240.15695 273
2 189.29837 244.6439 0
3 146.4919 216.90598 307
1 502.81482 239.8564 273
2 190.61024 244.2202 251
3 149.6401 216.74834 310
1 502.89658 240.16618 273
2 192.11383 243.4386 0
3 150.72597 217.01749 307
1 503.21158 240.17233 271
2 193.39581 243.02745 0
3 151.65927 216.9918 310
1 504.02197 240.54819 271
2 194.9536 242.25412 0
3 152.63773 217.64357 307
1 503.13693 240.33145 271
2 196.62607 241.76779 246
3 152.36987 217.8386 304
1 503.26947 240.46298 271
2 198.66658 241.82652 246
3 155.15918 218.3766 279
1 503.65613 240.69037 271
2 200.06036 241.58528 244
3 154.91248 218.05232 304
1 502.86694 240.10611 273
2 200.94095 240.94333 246
3 134.12547 221.37662 307
1 503.18982 240.54785 271
2 201.94875 240.0199 244
3 135.19963 221.06229 307
1 503.8877 240.8463 271
2 202.95087 239.69287 244
3 137.27472 219.37189 307
1 503.59854 240.45137 271
2 204.97214 239.29619 244
3 140.04817 218.9601 307
1 503.94452 241.12532 271
2 205.53027 239.7424 244
3 143.14357 217.61533 307
1 503.4546 240.41905 271
2 207.19916 239.70123 242
3 146.5482 216.55219 307
1 503.0602 240.41464 271
2 207.74667 239.42406 244
3 147.42764 214.48676 307
1 502.68597 240.05853 273
2 209.24768 240.08855 242
3 151.41928 213.65773 307
1 503.05676 240.2117 271
2 210.62607 239.89655 244
3 155.15247 212.58649 307
1 503.122 240.23297 271
2 211.7985 240.1043 244
3 158.74176 209.09018 307
1 502.98383 240.0965 273
2 213.12881 240.06787 244
3 161.07355 208.41374 307
1 502.97552 240.10378 273
2 215.21649 239.8462 244
3 162.80737 210.26692 307
1 502.80444 239.85808 273
2 217.45238 239.48766 244
3 165.20985 209.08632 307
1 503.1848 240.0829 271
2 219.56673 239.95879 244
3 167.81966 207.1549 307
1 502.9176 240.27583 273
2 221.38345 239.28047 244
3 169.0828 206.21329 312
1 502.6148 240.55872 271
2 222.2102 239.6286 244
3 171.18863 205.38777 310
1 502.2174 240.4923 271
2 226.91925 242.95358 244
3 174.02736 204.53578 312
1 502.03882 240.31845 271
2 227.53401 243.11818 244
3 175.69609 204.19223 312
1 502.49228 240.8279 273
2 249.95718 246.13493 247
3 194.76462 219.02773 269
1 502.79724 240.99582 271
3 203.7388 220.33795 264
2 244.77208 265.89246 269
1 502.34113 240.80641 271
2 243.00018 266.75073 266
3 205.46716 219.32613 264
1 502.54413 240.67369 273
2 242.50082 266.23553 264
3 207.3169 218.97157 266
1 503.36548 241.11078 271
2 242.58807 265.99976 266
3 208.24652 217.91006 266
1 503.91663 240.81975 271
2 242.47954 265.4527 266
3 208.58456 216.41618 269
1 503.10468 240.8141 271
2 253.93945 254.02585 284
3 212.72173 220.8569 266
1 503.07324 240.80045 271
3 215.48584 220.86157 262
1 503.05276 240.69226 271
3 216.30652 220.70099 258
1 502.71155 240.65994 273
3 217.47987 220.38925 257
1 502.7876 240.6279 273
3 219.83582 220.14151 249
1 503.1975 240.76285 271
3 220.93436 220.07907 247
1 502.42285 240.70198 271
3 222.13922 220.05338 246
1 503.40314 240.5222 271
3 224.25671 220.67775 244
1 504.21906 240.56108 271
3 225.21237 221.01842 244
1 503.74683 240.45148 271
3 227.59265 220.92314 244
1 503.22458 239.87943 271
3 229.75623 221.82587 244
1 504.07095 239.49588 271
3 230.20224 220.96094 242
1 503.61154 239.53018 271
3 232.24608 222.62943 240
1 504.1012 238.99617 273
3 233.90594 222.29622 240
1 503.989 238.43387 273
3 235.71303 223.4678 240
1 505.69513 239.07797 273
3 238.3859 225.15802 240
1 505.96164 238.39772 275
3 238.75813 225.06812 240
1 506.6026 238.56523 275
3 240.19647 225.5901 242
1 507.71167 238.53868 275
3 241.44025 226.14418 242
1 508.13022 238.31093 273
3 244.22534 228.03865 240
1 507.6803 240.19948 277
3 244.16919 228.2687 240
1 509.51337 239.29715 275
3 246.84962 230.73416 240
1 509.47797 239.61873 273
3 245.60445 229.71846 240
1 509.51764 239.40392 277
3 245.88214 229.55933 239
1 510.52393 239.29218 277
3 247.35652 230.89288 239
1 510.64056 238.70865 277
3 248.28517 230.33621 240
1 511.2434 238.6922 277
3 249.75217 230.59666 240
1 512.6222 239.01031 277
3 251.50131 231.19473 239
1 512.5512 239.27898 277
3 252.7429 232.16621 240
1 512.94415 238.86475 279
3 254.07019 233.0389 240
1 513.615 238.63399 279
3 255.75006 231.42482 239
1 513.8086 238.59673 279
3 256.0705 230.96156 239
1 515.6225 238.05365 277
3 258.37152 231.50359 240
1 514.93134 237.85104 279
3 260.0686 231.65445 242
1 515.96 237.89253 275
3 261.85577 232.69798 242
1 515.7626 237.64348 275
3 260.7993 228.1573 242
1 516.0254 237.34622 275
3 262.94556 229.4793 242
1 516.3938 237.64384 275
3 264.17184 229.11363 242
1 516.30835 237.31142 277
3 264.7347 228.34825 242
1 515.96045 238.06606 277
3 266.92365 228.07529 244
1 515.3324 237.56064 277
3 268.16293 227.30869 244
1 515.1495 237.7408 277
3 268.03 226.50166 244
1 514.76605 237.63228 277
3 268.77808 226.061 244
1 513.6588 237.85385 279
3 269.96106 224.90958 242
1 513.54126 238.02277 279
3 270.3826 224.97401 244
1 512.4641 237.86247 279
3 271.53006 225.61464 246
1 512.7132 237.77492 279
3 271.72055 224.06104 244
1 512.6019 237.33955 277
3 272.409 223.53192 246
1 512.8763 237.5385 275
3 272.59988 223.72678 247
1 512.6314 237.35362 275
3 274.01013 223.4882 249
1 511.5667 237.37172 277
3 275.01932 223.3212 251
1 511.53836 236.87231 275
3 275.33496 222.0985 253
1 510.4499 236.58757 275
3 275.689 222.54192 251
1 495.77496 235.89597 286
3 276.51086 222.47485 251
1 493.92984 235.37766 289
3 277.42828 222.70686 257
1 483.2345 227.9281 286
3 278.4495 224.95709 266
1 479.33643 226.14418 289
3 278.65356 222.15428 257
1 472.37183 225.18216 291
3 279.466 224.84076 266
1 470.7848 224.96407 291
3 279.9411 223.45314 262
1 468.02484 224.4586 291
3 280.47052 222.48383 257
1 466.50397 224.90883 291
3 280.36203 222.46164 255
1 463.10898 224.24275 291
3 281.864 222.04599 255
1 463.4607 224.12216 291
3 282.41357 222.29211 255
1 461.32596 223.93196 289
3 283.5941 224.5119 257
1 457.93323 222.72305 294
3 283.34995 225.19562 260
1 456.17987 223.6484 291
3 284.3722 225.9227 258
1 486.83572 227.2432 271
3 285.09958 224.35028 255
1 485.5978 227.18565 271
3 283.6021 227.19757 260
4 417.097 212.06259 634
1 484.37518 226.75757 271
4 415.49844 212.15068 646
3 283.5175 228.53922 262
1 483.5089 227.11295 275
3 284.55685 228.8471 260
4 413.0061 213.02573 623
1 481.35925 226.74684 273
3 284.62888 229.36081 262
4 411.3292 213.02539 601
1 480.7505 226.297 271
3 285.35342 227.17264 257
4 409.51215 213.55972 623
1 480.17053 226.15532 273
3 285.0824 227.96133 257
4 409.1154 213.50278 623
1 478.28595 228.396 279
3 285.03714 227.80202 255
4 406.7403 213.58228 634
1 477.206 228.32701 279
3 286.28577 228.01524 258
4 407.2956 213.7547 623
1 476.59174 228.15648 284
3 285.3332 228.2155 258
4 406.2984 213.68839 612
1 475.68167 227.51558 277
3 287.065 228.28456 258
4 406.07916 212.45569 634
1 474.45673 226.78967 277
3 285.0918 229.28908 258
4 405.50458 212.09018 634
1 473.4286 227.30063 279
3 284.82394 229.65121 258
4 405.7504 212.07703 623
1 473.28574 226.84766 277
3 284.69983 229.27596 260
4 406.30566 212.3886 623
1 471.10223 228.24686 277
3 284.71118 228.86656 258
4 405.95605 211.63861 0
1 470.55237 228.45508 271
3 284.4905 229.01785 258
4 406.943 211.00766 659
1 469.56018 228.68341 266
3 284.53387 228.94467 258
4 406.9768 212.21799 659
1 467.60742 230.01825 266
3 284.0869 228.65408 258
4 407.1827 211.7259 634
1 467.56595 231.42659 264
3 283.11316 228.77582 258
4 406.90225 213.39441 623
1 465.50214 232.23595 262
3 283.73672 228.66374 258
4 405.52222 212.57117 646
1 464.58765 232.46587 260
3 283.81265 229.16641 258
4 404.75974 214.42377 358
1 463.49304 233.72137 260
3 284.48648 228.88472 257
4 403.7382 214.00462 369
1 462.23425 234.00311 264
3 284.33038 228.80228 258
4 403.86078 215.0563 362
1 460.61176 234.03217 262
3 284.24765 227.92012 257
4 403.63852 214.36926 0
1 460.44928 234.25201 269
3 284.7096 228.13737 257
4 396.41013 223.00557 365
1 459.13803 234.11664 271
3 285.87534 227.54218 257
4 395.1873 222.43091 365
1 458.5072 234.41446 273
3 285.8894 227.37456 255
4 394.7395 222.22768 369
1 457.7273 234.83185 275
3 286.8036 226.76483 255
4 393.86017 221.9442 373
1 457.4912 235.18669 277
3 287.12247 226.24072 255
4 394.15753 221.37149 369
1 456.7378 234.85779 279
3 286.86462 225.84235 253
4 393.58508 222.00697 369
1 456.60477 235.01587 277
3 289.00348 225.88976 257
4 393.58606 223.12685 365
1 456.50616 235.34373 277
3 288.50262 226.18098 255
4 393.1502 222.521 369
1 456.3152 235.65025 277
3 289.86862 225.79181 255
4 393.60696 223.42581 365
1 456.6785 235.71428 277
3 290.15857 225.85638 257
4 392.8725 223.46814 365
1 456.18906 235.75787 277
3 291.22565 225.70932 257
4 393.20047 223.32225 365
1 457.3572 235.80045 277
3 290.95135 227.04329 255
4 393.35748 224.13542 365
1 457.21417 235.40408 275
3 290.86246 226.75955 255
4 394.52847 224.30351 365
1 457.3911 235.6371 275
3 292.02975 226.34535 255
4 394.60858 223.75343 369
1 457.41205 235.06377 275
3 291.48956 226.10794 255
4 394.82956 224.55045 365
1 457.68332 234.71277 271
3 290.6367 225.92416 255
4 396.62683 224.39069 365
1 458.0655 235.32224 273
3 291.1144 226.18878 255
4 396.01935 224.97136 365