2 538.0365 146.98001 260
2 538.0149 146.27353 260
2 538.1062 146.20905 260
2 538.1602 146.32712 260
2 538.0508 146.88222 260
2 538.47504 146.53473 260
2 538.17883 146.70184 260
2 538.28613 146.35614 262
2 538.1931 147.17183 260
2 538.2865 146.83356 262
2 538.46313 146.85126 262
2 538.4414 147.02979 260
2 538.28217 147.25879 260
2 538.3343 146.47136 262
2 538.1222 147.16283 262
2 538.2061 147.39517 262
2 538.4717 146.92667 262
2 537.9525 146.9491 262
2 538.1045 147.00305 262
2 538.13074 146.96599 262
2 538.1968 146.80179 262
2 538.10486 147.50601 262
2 538.16296 146.71819 262
2 538.1046 147.21548 262
2 537.90106 146.86073 262
2 537.97876 147.5585 262
2 537.8624 146.66373 262
2 537.6044 146.72826 262
2 537.7623 146.89488 262
2 537.6314 146.75146 262
2 537.3287 146.43774 260
2 537.423 147.63867 262
2 537.5128 147.5814 262
2 537.28754 147.35135 262
2 537.184 147.38623 262
2 536.84534 146.79977 262
2 536.83746 146.54126 262
2 536.61487 147.01096 262
2 536.7588 147.21965 262
2 536.58496 147.05482 262
2 536.4597 147.00325 262
2 536.0944 147.41138 262
2 536.17786 147.73888 262
2 536.2054 147.44662 262
2 535.7995 147.32086 262
2 535.716 147.92744 262
2 535.8126 147.58304 262
2 535.932 147.86621 262
2 535.68555 147.04167 262
2 535.53394 148.03351 262
2 535.5852 146.61777 262
2 535.46423 147.46558 262
2 535.2658 146.6712 262
2 535.3371 147.63681 262
2 535.35767 147.86557 262
2 535.4276 146.96576 262
2 535.534 147.66907 262
2 535.0853 147.60313 262
2 535.41064 148.07516 262
2 535.3941 147.72092 262
2 535.26526 147.3103 262
2 535.34326 147.73056 262
2 534.9059 147.68509 262
2 535.20557 148.27853 262
2 535.27234 148.56213 262
2 535.28107 148.59619 262
2 535.32855 147.92123 262
2 535.3644 148.1477 262
2 535.6036 148.13554 262
2 535.52826 147.97879 262
2 535.5261 147.74106 262
2 535.69635 147.51321 262
2 535.6854 147.54611 262
2 535.69336 146.92447 262
2 535.89844 148.18442 262
2 535.7886 147.29126 262
2 536.0065 147.388 262
2 535.94543 147.63393 262
2 536.1035 147.96704 262
2 536.3049 147.72841 262
2 536.4125 148.09622 262
2 536.41205 147.06696 262
2 536.38696 147.46973 262
2 536.35547 147.00143 262
2 536.39856 147.03912 262
2 536.7057 147.4093 262
2 536.4551 147.5041 262
2 536.6569 147.78284 260
2 536.72156 147.62698 262
2 536.49255 146.81053 262
2 536.75305 147.51825 262
2 536.92346 147.69519 260
2 536.7994 147.38019 262
2 536.5687 147.06378 262
2 536.8946 147.43604 262
2 536.5779 146.89838 262
2 536.4718 147.43909 262
2 536.5859 146.943 262
2 536.59094 147.51492 262
2 536.46124 147.15784 262
2 536.3108 147.29475 262
2 536.3737 147.08041 262
2 536.4494 147.40225 262
2 536.3075 147.6766 262
2 536.334 147.98996 262
2 536.2281 146.58118 262
2 536.00275 147.02072 262
2 536.2712 147.39803 262
2 536.34546 147.20093 262
2 536.2371 147.03003 262
2 536.12775 147.05005 262
2 536.3116 147.08357 262
2 535.9613 146.99405 262
2 536.22906 146.8186 262
2 536.1913 146.91795 262
2 536.0563 147.19122 262
2 536.067 147.26883 262
2 536.14856 147.01178 262
2 536.0058 146.0591 262
2 536.3269 147.6977 262
2 536.3727 147.4294 262
2 536.1462 147.85486 262
2 536.1239 146.99817 262
2 536.2147 147.4934 262
2 536.33636 147.80528 262
2 536.2628 146.89699 262
2 536.06555 147.13821 262
2 536.31903 147.17511 262
2 536.2672 147.07141 262
2 536.16614 147.16354 262
2 536.16254 146.86464 262
2 536.29443 147.16147 262
2 536.3987 147.65848 262
2 536.17554 147.62512 262
2 536.17004 146.95789 262
2 536.34686 147.22333 262
2 536.1006 147.43047 262
2 536.2095 147.30963 262
2 536.2799 147.18655 262
2 536.179 147.69073 262
2 536.1762 147.71246 262
2 536.16095 147.29604 262
2 536.1684 147.15018 262
2 536.2667 148.04988 262
2 536.2261 147.72481 262
1 553.8857 148.58125 257
1 555.3507 148.29596 257
1 556.63074 148.18698 257
1 558.2656 148.83026 255
1 559.4606 149.56824 257
1 561.39453 148.94766 255
1 562.93945 149.73265 255
1 565.04224 149.21545 255
1 567.09106 147.37698 255
1 569.1726 145.63974 255
1 571.7096 145.22116 255
1 573.89276 145.05609 255
1 576.4778 143.98584 255
1 579.48975 145.85704 253
1 582.27545 145.0998 253
1 584.8916 143.80417 253
1 587.8073 142.18494 255
1 589.593 143.26009 255
1 591.15906 144.21033 255
1 592.4446 146.4118 257
1 594.10864 148.15094 258
1 595.53357 151.0091 258
1 597.0002 154.87225 258
1 598.70703 157.85468 260
1 599.9187 162.65668 258
1 601.29553 167.01343 258
1 602.45496 171.3432 260
1 603.77954 176.38972 262
1 605.50256 183.70277 262
1 605.9998 191.0257 262
1 607.8639 196.97034 262
1 610.2824 203.5369 262
1 613.58453 204.50159 264
1 615.70746 202.41473 264
1 617.38306 198.92157 271
1 617.9705 194.4308 279
1 619.474 184.19911 0
1 620.7156 178.11687 744
1 620.9429 150.33846 728
1 622.10986 104.99318 0
1 624.5719 36.95343 273
1 627.95374 28.161606 273
2 13.346191 178.18323 351
2 16.221344 170.60913 354
2 17.26184 166.58493 354
2 17.812439 162.71585 347
2 18.831451 159.85666 351
2 19.190002 150.07527 347
2 19.843536 146.79007 347
2 20.652924 141.53879 344
2 21.655396 138.63492 344
2 22.85849 136.99118 344
2 24.12149 135.92686 340
2 25.602417 135.74902 340
2 27.704102 136.87967 337
2 31.35028 137.8247 337
2 34.832092 137.34544 337
2 38.772003 134.6161 330
2 42.427094 134.12982 334
2 45.800323 136.2121 337
2 49.38028 139.01044 340
2 52.325836 140.51315 344
2 55.100525 141.40758 344
2 57.659943 139.84885 340
2 61.210358 141.22618 344
2 63.34674 140.78278 340
2 65.36005 140.72763 344
2 68.03737 140.83035 340
2 70.704254 141.42108 344
2 73.67586 143.27109 351
2 76.25307 143.82808 351
2 78.76961 143.43645 354
2 81.36246 142.9496 354
2 84.10846 143.18285 354
2 86.99164 143.05789 354
2 89.35408 143.26184 354
2 92.12105 144.21744 358
2 94.92282 143.93967 354
2 97.83281 144.18182 358
2 100.62457 143.88828 354
2 103.295975 143.48575 354
2 105.679794 143.26524 358
2 108.35631 143.27838 358
2 110.20047 142.16827 358
2 112.942566 141.64774 358
2 115.271255 140.39874 358
2 117.71942 138.07495 358
2 120.09566 138.3459 358
2 122.00008 135.49207 362
2 124.15959 133.71333 358
2 125.247604 130.81543 358
2 126.6017 129.08435 358
2 128.13777 127.78467 362
2 129.12965 131.41791 358
2 131.30609 134.21277 358
2 132.19978 133.6458 358
2 133.33794 134.06494 358
2 134.54881 135.0253 358
2 135.43222 134.23892 358
2 136.76347 135.98201 358
2 138.40672 135.81168 358
2 139.38911 135.92126 358
2 140.45973 135.24396 358
2 141.93048 135.75298 358
2 142.88257 136.20071 354
2 144.11214 136.37057 354
2 146.09737 136.72964 354
2 147.34937 136.3501 351
2 148.6034 137.17343 351
2 149.66109 137.66153 351
2 150.66263 136.01312 351
2 152.12405 136.521 347
2 153.34991 136.76825 351
2 154.75333 136.36678 351
2 156.01291 137.33447 351
2 157.34872 136.38611 354
2 159.0145 137.49384 354
2 160.08638 135.86577 351
2 161.56294 137.27211 354
2 162.5139 137.94305 354
2 163.93353 139.57199 351
2 165.10902 137.53058 347
2 166.00085 137.47339 347
2 167.46098 138.49615 347
2 168.65962 137.13959 347
2 169.46257 137.24081 347
2 170.30215 136.6917 344
2 171.16502 136.40862 344
2 171.76366 136.35411 344
2 172.35435 136.7673 344
2 172.73686 136.18948 344
2 172.94772 137.64255 344
2 173.06757 137.17126 347
2 173.46729 137.35097 347
2 173.74251 137.33914 347
2 173.92758 136.49231 347
2 174.23035 136.50539 347
2 174.2528 135.98578 347
2 174.10623 136.62537 347
2 174.37067 135.94519 351
2 174.49242 135.69931 351
2 174.35025 136.3578 351
2 174.2224 135.91644 351
2 173.96484 135.00104 351
2 173.81677 135.80008 351
2 173.93832 135.13785 354
2 173.55339 135.30884 354
2 173.38219 135.07675 354
2 172.81073 135.60785 354
2 172.72017 134.88602 354
2 172.08395 134.20238 354
2 172.13795 135.67743 354
2 171.3068 134.77936 354
2 171.18317 135.15857 354
2 170.63698 133.46204 351
2 170.32019 133.44272 351
2 170.03821 134.81122 354
2 169.45241 132.96379 354
2 169.33324 133.13997 354
2 169.24332 132.0953 354
2 169.06114 132.466 351
2 168.83319 131.92001 354
2 168.6917 131.74054 354
2 168.70586 132.90591 354
2 168.93709 132.5871 354
2 168.91377 132.47789 351
2 168.80606 133.35489 351
2 168.77432 132.66907 354
2 168.93661 132.63728 351
2 169.01736 132.57336 354
2 168.82327 133.21289 354
2 169.11374 133.45709 354
2 168.71506 132.74449 354
2 168.83505 132.34286 354
2 168.93591 133.32053 354
2 169.07567 132.40521 351
2 168.96556 132.42395 354
2 168.97087 132.39748 354
2 168.9019 133.31213 351
2 169.00244 133.27132 354
2 169.18016 132.48856 354
2 169.21068 133.15417 354
2 169.06769 131.99362 354
2 169.02563 131.9242 354
2 168.98036 132.45093 354
2 169.24959 133.31969 354
2 169.37505 131.87238 354
2 169.35745 132.30121 354
2 169.34677 133.05283 354
2 169.37523 133.12854 354
2 169.55469 132.61484 354
2 169.46297 132.96217 354
2 169.26385 132.50354 354
2 169.43217 133.47409 354
2 169.11006 132.39297 354
2 169.35606 132.5657 354
2 169.48196 133.34515 354
2 169.2324 132.69635 354
2 169.42119 133.58661 354
2 168.98898 133.3758 354
2 169.08981 133.15912 354
2 169.0455 131.86842 354
2 169.27185 132.64404 354
2 168.99469 132.41348 354
2 169.20236 133.19223 354
2 169.2546 132.39957 354
2 169.18608 133.18188 354
2 168.8661 132.25078 354
2 168.90698 132.42455 354
2 168.70215 132.08284 354
2 169.0586 132.44626 354
2 168.99507 132.1068 354
2 168.72002 131.45316 354
2 168.9568 132.88864 354
2 168.88722 132.84964 354
2 168.7431 132.04504 354
2 168.56494 131.74634 354
2 168.60059 131.6348 354
2 168.69229 132.25223 354
2 168.91795 132.03058 354
2 168.68633 132.24356 354
2 168.34512 131.50182 354
2 168.50896 131.31134 354
2 168.43202 132.49367 354
2 168.74017 132.77484 354
2 168.65865 131.61684 354
2 168.59648 131.46252 354
2 168.40701 131.25658 351
2 168.87363 132.33434 351
2 168.62424 131.97733 351
2 168.41281 131.36435 351
2 168.7348 131.95673 354
2 168.53421 131.60413 354
2 168.79991 132.29938 354
2 168.46074 131.6279 354
2 168.54903 131.66174 354
2 168.55635 131.4403 354
2 168.62703 132.00803 354
2 168.67415 132.65773 354
2 168.56369 131.58655 354
2 168.75143 131.69118 354
2 168.92593 132.02805 354
2 168.60143 131.43784 354
2 168.68996 131.45145 354
2 168.59293 132.59247 354
2 168.72926 132.37708 354
2 168.66602 130.86229 354
2 168.75346 131.80637 354
2 168.86215 132.20532 354
2 168.92052 131.78397 354
2 168.87234 131.3332 354
2 168.98676 131.82278 354
2 168.96407 131.92902 354
2 169.08672 132.18631 354
2 169.0885 132.51552 351
2 169.09154 132.13657 354
2 168.90291 131.82925 354
2 169.33171 131.38354 351
2 169.10959 132.15277 354
2 169.16393 131.98555 354
2 169.20952 132.89514 354
2 169.08147 131.87776 351
2 169.14052 132.8735 354
2 169.30943 131.64462 351
2 169.21066 131.65999 354
2 169.11433 131.41653 354
2 169.42392 132.9654 354
2 169.05685 132.85149 351
2 169.30498 131.32355 354
2 169.1697 131.29768 354
2 169.39853 131.64114 354
2 169.06999 132.62796 354
2 169.3782 132.13934 354
2 169.27995 132.16747 351
2 169.45758 132.18004 354
2 169.12218 131.70831 354
2 169.24445 131.86246 354
2 169.44121 131.75711 354
2 169.43811 132.29459 354
2 169.49182 131.7195 354
2 169.17545 132.41275 354
2 169.26825 132.00352 354
2 169.52258 133.1636 354
2 169.31061 132.24634 351
2 169.48381 132.64902 351
2 169.49982 132.17976 351
2 169.53181 132.9349 347
2 169.44604 132.28561 347
2 169.21031 132.60486 351
2 169.23337 131.09747 354
2 169.02757 131.30255 354
2 168.71335 131.08298 354
2 168.58347 130.83217 354
2 168.48872 129.50986 358
2 168.40738 130.38391 354
2 168.23193 129.65886 354
2 168.15993 129.8638 354
2 167.84322 129.60382 354
2 168.21184 130.20811 358
2 168.30093 130.0445 354
2 168.502 130.04953 354
2 168.53114 130.20808 358
2 168.91496 131.073 354
2 168.43011 130.49423 354
2 168.60478 130.45319 354
2 168.53546 130.7611 354
2 168.69475 131.12901 354
2 168.60895 130.83246 354
2 168.75334 130.86572 354
2 168.69113 130.94214 354
2 168.47813 130.6702 354
2 168.83311 130.18466 354
2 168.62297 130.42749 354
2 168.70981 130.17632 354
2 169.19656 130.6821 354
2 169.01167 130.6528 354
2 169.00198 130.69257 354
2 169.30278 131.51859 354
2 168.99776 131.43292 354
2 169.05469 131.46017 354
2 169.33795 131.43399 354
2 169.13942 131.59033 351
2 169.22556 131.81729 344
2 169.29872 131.44965 334
2 169.50813 132.09155 330
2 169.58273 131.77191 330
2 169.33221 132.23813 330
2 169.59761 131.71704 334
2 169.73991 132.25244 330
2 169.60057 132.95169 334
2 169.72229 131.46808 334
2 169.93933 132.53133 340
2 169.90096 132.30272 340
2 170.15552 132.23825 340
2 170.27548 131.76074 340
2 170.30334 131.15796 344
2 170.22382 131.87671 344
2 170.0796 131.55951 351
2 170.16484 131.22443 351
2 170.06032 131.09415 351
2 170.0363 132.12738 354
2 169.78127 131.54535 354
2 170.321 132.14435 354
2 170.34506 131.64801 354
2 169.9521 131.86197 354
2 170.42258 132.15744 354
2 170.49191 132.29993 354
2 170.2813 131.78116 354
2 170.40129 132.4206 354
2 170.54465 131.87027 354
2 170.41573 131.48564 354
2 170.67444 131.45084 354
2 170.428 132.08755 354
2 170.59949 132.13531 354
2 170.40636 132.39001 354
2 170.48705 131.6644 354
2 170.25174 130.55629 354
2 170.49942 132.62437 354
2 170.36551 131.55794 354
2 170.54077 131.94714 354
2 170.43758 131.41011 354
2 170.421 131.69473 354
2 170.47409 131.745 354
2 170.45929 132.06766 354
2 170.30824 131.66899 354
2 170.48672 131.6727 354
2 170.53033 132.42258 354
2 170.47408 131.16663 354
2 170.1769 131.57861 354
2 170.58122 133.0386 354
2 170.6196 132.30136 354
2 170.5899 132.60123 354
2 170.31982 131.90909 354
2 170.71904 133.49606 354
2 170.76994 132.67442 354
2 170.82451 132.45374 354
2 170.88715 132.55945 354
2 170.57228 131.90472 354
2 170.68484 131.89731 354
2 170.73152 132.52065 354
2 170.7551 133.00685 354
2 170.95502 134.27713 354
2 171.02214 131.72104 354
2 170.86578 132.95724 354
2 170.91042 132.23027 354
2 170.83884 132.2203 358
2 170.82083 132.73462 354
2 171.05531 132.7147 354
2 171.22154 133.07396 354
2 171.11104 132.77045 354
2 171.25113 132.8736 354
2 171.29066 132.96347 354
2 171.09506 131.66226 354
2 171.0912 132.55824 354
2 171.05255 133.01752 354
2 170.87529 132.50763 354
2 171.20462 132.1383 354
2 171.2174 133.1052 354
2 170.99638 133.6023 354
2 170.94234 131.93823 358
2 171.14467 131.99017 354
2 170.85307 132.00688 358
2 171.12598 132.61624 354
2 170.68901 132.16806 358
2 170.85007 132.06314 358
2 170.89357 132.85068 358
2 170.90434 132.21745 354
2 170.86043 132.9565 354
2 170.88 133.00928 354
2 170.48695 132.53073 358
2 170.66766 133.05952 354
2 170.68266 133.04279 354
2 170.68822 132.38998 358
2 170.55768 132.97762 358
2 170.41216 131.96788 354
2 170.21445 133.26228 354
2 170.13896 133.58183 354
2 170.29175 133.99643 354
2 170.08446 133.83261 354
2 169.74567 132.837 354
2 170.1647 133.20174 354
2 169.82916 132.60953 354
2 169.85762 133.62546 354
2 169.66777 132.2052 354
2 169.4285 132.05301 354
2 169.63815 131.69241 354
2 169.53886 132.73865 354
2 169.28835 132.0956 354
2 169.32822 132.41794 354
2 169.41823 132.45557 354
2 169.2306 131.97475 354
2 169.41783 132.28981 354
2 169.13997 132.20427 354
2 169.19415 131.87206 354
2 169.2664 131.84955 354
2 169.22212 132.09204 354
2 169.00739 132.68698 351
2 169.3838 132.64532 347
2 169.13895 132.61752 344
2 169.29088 132.74829 340
2 169.08897 132.83965 340
2 168.92422 132.23021 340
2 168.70808 132.17497 340
2 168.59624 132.8676 347
2 168.49713 131.95724 347
2 168.79245 131.8623 354
2 168.6296 131.76266 354
2 168.61151 131.39783 354
2 168.55943 131.53693 354
2 168.60634 131.41415 354
2 168.35916 131.13937 354
2 168.56917 132.57675 354
2 168.67535 132.67542 354
2 168.7671 132.01952 354
2 168.6433 131.34871 354
2 168.71944 132.08966 354
2 168.4255 131.16772 354
2 168.79678 131.60019 354
2 168.9145 131.6564 354
2 168.9712 132.5054 354
2 168.7731 131.86574 354
2 168.87257 132.41174 354
2 168.91907 131.36533 354
2 168.95529 131.82486 354
2 169.07034 132.2573 354
2 169.1696 132.43143 351
2 168.8972 132.56119 351
2 169.18396 132.32428 344
2 169.2025 133.24744 337
2 168.84526 132.62173 334
2 168.81158 132.02432 330
2 168.8155 132.47128 334
2 168.92805 131.92084 334
2 168.93585 133.08139 340
2 168.84975 131.96799 337
2 169.18033 132.09312 340
2 169.01982 132.04132 340
2 168.8641 131.73982 340
2 168.83456 131.39351 344
2 168.72014 130.96194 344
2 168.99998 132.31555 347
2 168.85164 132.00876 351
2 169.03949 132.0969 347
2 168.91792 131.12784 351
2 169.00381 131.9747 347
2 169.35062 132.3927 351
2 168.94606 132.45732 354
2 169.17192 132.27031 354
2 169.29347 131.95197 354
2 169.27594 131.24763 354
2 169.35712 131.4857 354
2 169.81657 132.68256 354
2 169.271 132.12094 354
2 169.65575 131.57056 354
2 169.67473 132.6885 354
2 169.68614 132.49567 354
2 169.84558 131.85217 354
2 169.69296 132.65866 354
2 169.76189 132.51904 354
2 169.85667 132.89438 354
2 169.60492 131.7793 358
2 170.00171 132.60162 354
2 169.84065 132.5317 358
2 169.97868 132.9075 354
2 169.94917 133.48572 354
2 169.72495 133.03795 354
2 170.15842 132.9065 354
2 170.08937 132.90111 354
2 169.8961 132.4592 358
2 169.9954 132.08026 358
2 170.18024 133.5596 358
2 170.25221 133.0787 358
2 170.018 132.98746 354
2 170.31529 133.72021 358
2 170.34825 133.4269 354
2 170.21677 132.98923 354
2 170.25444 133.4401 358
2 170.71323 132.93788 354
2 170.66821 133.40082 358
2 170.85063 132.84283 354
2 170.76598 133.25745 354
2 170.75125 132.93805 358
2 170.65395 133.12521 354
2 170.76582 132.69765 354
2 170.7083 133.63684 358
2 170.82484 133.94943 354
2 170.70943 132.8544 354
2 170.57948 133.5499 354
2 170.95247 133.32275 354
2 170.44872 132.46078 358
2 170.56506 132.47404 354
2 171.0327 133.01115 358
2 170.71959 132.77292 358
2 170.7937 133.5524 358
2 170.56223 133.83786 358
2 170.40648 133.24371 354
2 170.72563 132.61377 354
2 170.53317 132.50804 354
2 170.15343 133.30031 354
2 170.22757 132.74098 354
2 170.33508 133.29294 354
2 169.61009 132.65826 354
2 169.48863 132.14935 354
2 169.66956 133.05904 354
2 169.47418 132.87315 354
2 168.90277 133.29611 354
2 169.04468 134.64056 354
2 168.68318 135.13208 354
2 168.46474 136.31262 354
2 167.91483 134.86594 354
2 167.2801 135.74202 351
2 167.05618 135.95963 351
2 165.91269 135.30206 351
2 165.4002 135.21411 351
2 164.58084 134.87778 351
2 163.6325 135.46985 351
2 162.19572 135.42284 354
2 161.1373 137.05548 351
2 159.59921 137.39624 354
2 157.80203 137.46228 354
2 156.19258 138.88321 351
2 154.29086 136.10437 351
2 152.23526 136.5245 351
2 150.09727 134.75574 351
2 148.45085 135.03897 354
2 146.32462 135.05869 358
2 144.63707 134.92734 354
2 143.19641 136.09735 354
2 141.02798 136.36389 354
2 139.36604 136.8295 354
2 137.25024 137.88745 358
2 135.44911 137.68774 358
2 133.70892 138.79625 358
2 131.32266 138.21848 358
2 129.01164 136.86012 362
2 127.01341 137.7301 362
2 124.750656 137.52457 362
2 122.540344 137.1286 369
2 119.75397 135.7657 369
2 117.05698 134.07211 369
2 114.60518 133.53748 369
2 112.23413 135.00592 362
2 110.09073 138.25266 365
2 107.5591 140.80298 365
2 104.659454 142.34125 365
2 102.451004 142.65427 365
2 99.67557 144.18561 362
2 97.11955 147.14062 369
2 94.13846 149.17783 369
2 90.90126 149.38048 369
2 88.35683 148.56345 369
2 85.74141 147.92535 373
2 82.76161 149.17505 373
2 80.00612 148.28867 373
2 77.057236 148.68787 373
2 74.673615 148.0954 373
2 71.8674 146.85867 369
2 68.61783 146.41026 373
2 65.49332 146.28613 373
2 62.856537 145.38913 373
2 60.638733 143.66437 369
2 58.81555 145.08864 369
2 55.85919 144.29268 369
2 53.813934 144.75139 373
2 51.000305 143.7633 373
2 48.405243 142.3017 373
2 46.146484 140.37805 373
2 43.36496 139.15894 373
2 40.425293 139.79675 373
2 37.50531 139.64105 373
2 34.46051 141.42355 373
2 31.679016 140.47415 373
2 28.956573 140.7174 377
2 26.747711 139.21738 377
2 24.694336 138.71985 373
2 23.133942 139.57669 373
2 22.473663 140.5112 373
2 20.976257 143.1106 377
2 19.990448 144.50565 382
2 18.637756 146.95602 382
2 17.422241 148.21083 386
2 16.218323 150.95956 386
2 14.942383 154.9485 386
2 13.919342 163.3471 382
2 12.153748 166.11963 386
2 10.035339 167.7572 386
2 7.4718933 168.3299 382
2 5.932007 168.15973 382
2 5.1989746 168.45331 386
2 4.7108154 173.45334 399
2 4.247925 183.59102 409
2 4.3647156 193.16312 409
2 4.737732 198.78586 409
2 4.0143127 195.42097 409
2 3.8992004 203.28735 414
2 3.7618713 206.5813 414
2 3.4277344 203.40666 409
2 3.0595093 200.92456 409
2 3.6205444 202.77034 409
2 3.149994 208.90788 409
2 2.6698303 212.96802 404
1 582.3861 235.13942 156
1 581.28986 226.15479 155
1 579.2529 218.4276 155
1 577.0523 213.85423 154
1 573.7008 210.58728 153
1 570.579 210.75717 153
1 568.8719 200.73956 156
1 566.49164 188.0759 157
1 563.8502 183.19597 159
1 561.60156 179.27798 155
1 559.3615 176.91563 156
1 556.66486 174.97958 157
1 553.95447 173.56033 156
1 551.51624 174.54927 153
1 548.2776 175.99167 155
1 543.825 175.77869 156
1 537.6109 176.57605 157
1 531.329 177.06741 157
1 525.1832 175.29123 158
1 518.9651 174.39038 160
1 514.1967 173.56287 161
1 509.6626 171.34793 163
1 505.85916 170.863 163
1 502.26566 170.99527 163
1 499.03076 172.89279 163
1 496.37518 173.02321 163
1 494.35077 174.58783 162
1 492.1926 175.3398 162
1 490.1364 175.0568 162
1 489.16547 175.2826 162
1 488.48105 175.80492 162
1 488.2199 176.16849 164
1 487.50488 176.91977 162
1 488.42877 176.8374 164
1 489.59625 177.54663 165
1 490.7398 177.2796 166
1 492.3708 176.9271 166
1 494.01178 176.40392 166
1 495.97107 175.56912 165
1 497.1804 174.71323 165
1 498.7115 174.11322 164
1 500.52072 172.48288 161
1 501.8931 171.72693 159
1 503.39728 170.13393 159
1 504.23856 168.59296 158
1 504.6786 168.98346 158
1 505.64972 169.7125 157
1 505.7795 169.6418 157
1 505.8039 170.27728 156
1 505.4128 169.81137 156
1 505.22754 170.02805 156
1 504.5064 169.96512 155
1 503.9472 169.99625 155
1 503.64618 169.86781 155
1 503.1245 170.14078 154
1 502.9092 170.15384 154
1 502.39456 170.13138 155
1 501.10455 171.15723 154
1 500.20776 171.6525 154
1 499.42334 172.67288 154
1 498.76965 172.57666 154
1 497.77948 173.49771 154
1 496.8181 173.5108 154
1 496.0541 173.17169 153
1 494.6005 173.70325 154
1 494.06552 173.09802 154
1 493.04895 173.38782 156
1 493.41077 174.35114 158
1 493.99792 175.1897 161
1 494.1559 176.01889 159
1 494.85565 177.15349 158
1 495.55878 177.20374 156
1 496.65222 177.15717 154
1 497.57422 176.71669 154
1 499.11133 176.3204 154
1 500.09903 175.93076 153
1 500.4895 175.93353 154
1 500.8203 175.28687 154
1 501.09082 174.69368 154
1 501.56488 174.46014 154
1 501.458 173.75592 154
1 500.77722 173.11713 155
1 499.5528 173.7882 155
1 499.85187 173.06033 155
1 499.0415 172.21696 155
1 499.07275 172.43768 155
1 499.7552 172.27408 155
1 500.33893 171.28912 154
1 499.83234 171.64423 154
1 500.17105 171.65823 154
1 500.35242 171.78534 154
1 499.4766 172.01994 154
1 500.57874 171.09389 154
1 499.65094 171.6964 154
1 498.97028 171.78372 154
1 499.04224 170.79985 154
1 498.91263 170.76057 154
1 499.2262 170.77945 154
1 498.86603 170.73914 153
1 498.61975 170.75894 154
1 498.503 170.87906 153
1 497.1289 171.18207 153
1 497.57074 170.54887 153
1 497.76697 170.40225 153
1 497.3026 170.88097 153
1 497.43246 171.26439 153
1 498.4887 170.24298 153
1 497.89218 170.42435 153
1 498.4653 169.44818 154
1 498.7909 168.86183 157
1 500.9499 168.63419 159
1 504.77014 168.93962 160
1 509.17355 174.38542 159
1 515.56146 178.49019 158
1 518.946 179.37782 158
1 520.9249 178.8002 159
1 525.10205 177.66821 159
1 532.3156 176.96645 156
1 539.81274 173.5231 156
1 545.06177 174.41147 156
1 549.58075 176.85078 158
1 554.6354 178.70055 159
1 560.5164 181.6579 161
1 568.6482 182.60255 162
1 575.51965 181.75215 163
1 579.1377 180.28877 187
1 584.62573 191.56148 188
1 588.7754 215.01729 165
1 592.1896 236.57982 153
1 597.54504 248.60365 178
1 604.5211 259.4434 177
1 612.6301 269.438 175
1 622.7273 281.94717 193
2 28.88617 246.1466 164
2 34.69403 242.50653 164
2 35.36972 190.44446 164
2 38.67508 187.40578 161
2 41.874054 183.73705 160
2 45.027863 178.4266 159
2 48.088776 171.44806 160
2 51.779205 164.36989 159
2 52.42978 167.13385 159
2 55.5318 165.24622 158
2 55.942474 170.47055 158
2 59.19333 171.39865 158
2 65.10425 168.38493 157
2 72.162415 164.69751 156
2 79.85347 160.59337 156
2 87.835526 159.15945 153
2 95.181046 162.23116 153
2 102.045364 167.18596 159
2 108.74635 170.52261 159
2 114.274704 169.70454 159
2 119.750046 168.75787 160
2 125.29941 168.61859 163
2 130.52098 166.0925 164
2 134.64964 164.32944 163
2 138.38243 162.76587 162
2 141.88333 161.61896 161
2 144.7377 161.00879 161
2 148.0787 160.4093 160
2 150.8657 161.89154 162
2 152.65085 161.83322 162
2 154.58711 162.38419 161
2 156.43924 162.27881 161
2 158.45296 162.2425 161
2 160.31517 162.78876 162
2 162.31427 163.24173 162
2 164.78104 163.87459 162
2 166.9994 164.0451 161
2 169.18755 164.39441 161
2 171.33632 164.65988 161
1 621.29675 179.79364 424
2 173.76273 165.15755 161
1 620.5015 179.2858 435
2 176.39233 164.57365 161
1 619.7568 174.66428 440
2 178.57549 163.85287 161
1 618.9177 174.89432 429
2 180.77888 162.93008 161
1 618.2091 176.96724 429
2 182.67311 162.00717 161
1 616.9375 171.12326 446
2 184.04007 161.28856 162
1 616.0281 166.89871 440
2 185.22935 160.29504 163
1 614.88074 166.22092 435
2 185.98122 160.53894 163
1 613.851 165.96332 435
2 186.65053 159.80347 164
1 613.145 164.06018 435
2 186.66866 160.2085 164
1 612.2064 165.14465 435
2 186.42715 160.28708 164
1 610.7057 163.01216 440
2 185.96896 160.87119 164
1 610.2854 162.71852 435
2 185.44716 161.45032 164
1 609.9407 164.72826 440
2 184.57402 162.29163 164
1 609.6769 163.88318 446
2 183.04108 163.46768 164
1 610.056 164.36577 440
2 182.09001 163.82896 164
1 610.1095 163.16125 440
2 181.44669 165.14157 162
1 610.2009 163.46655 446
2 180.09671 166.49713 163
1 610.84717 162.53055 440
2 179.4882 166.49393 163
1 611.537 161.92493 435
2 178.63326 167.3761 162
1 612.02246 162.96478 435
2 178.38535 167.55286 163
1 613.1704 162.77962 435
2 178.4475 167.47757 164
1 613.56836 162.91794 435
2 178.5925 167.27188 164
1 613.8918 163.69376 435
2 178.79387 167.17865 164
1 614.1194 162.51125 435
2 179.52184 166.80498 164
1 614.2999 162.35255 440
2 179.97835 165.68433 164
1 614.6526 162.06473 440
2 180.24695 165.33824 164
1 614.0638 160.56927 435
2 180.78801 164.76999 164
1 613.7469 159.92285 435
2 180.88535 164.14848 164
1 613.94775 157.8685 435
2 181.22336 163.85814 164
1 614.1416 157.8815 440
2 181.32794 163.61319 164
1 613.91125 157.8872 429
2 181.61264 162.97395 164
1 614.22314 157.20645 440
2 181.70578 162.52734 164
1 614.1708 155.09601 440
2 181.60875 161.94241 164
1 615.364 155.37024 435
2 181.54463 161.74701 164
1 615.5606 155.45251 440
2 181.5362 161.63547 164
1 614.8387 153.80185 440
2 181.56015 161.04645 164
1 615.7379 155.70038 440
2 181.76682 160.69366 164
1 615.2838 154.3226 440
2 181.61536 160.47192 164
1 615.20776 154.33542 440
2 181.25395 160.5773 164
1 615.0182 154.1836 440
2 180.74435 160.92712 164
1 615.6155 157.90509 440
2 180.68726 161.4588 164
1 615.56287 158.1399 440
2 180.5844 161.3645 164
1 615.9053 158.67851 440
2 180.15067 161.89598 164
1 616.03015 158.33955 440
2 179.55824 162.69052 164
1 615.98566 158.71252 440
2 179.0563 163.04636 164
1 616.0903 158.21248 440
2 178.65729 163.14699 164
1 616.03064 158.42245 440
2 178.64354 163.28912 163
1 615.7551 158.65213 440
2 178.04285 163.94212 164
1 615.57104 158.8544 435
2 177.94905 164.12804 164
1 615.4608 158.9231 440
2 177.13237 164.55638 164
1 615.2039 158.37814 435
2 176.89143 164.69861 162
1 614.7068 158.71542 435
2 176.49188 165.03088 162
1 614.6338 159.186 435
2 176.41145 164.84831 162
1 614.11334 158.39047 440
2 176.12051 165.5383 162
1 613.90906 159.25061 435
2 175.90361 165.46257 161
1 613.3821 158.78354 435
2 175.75455 165.48552 161
1 613.29596 158.96072 435
2 175.71408 165.43924 161
1 613.9334 160.44699 435
2 175.51723 165.93585 161
1 613.4599 160.6637 435
2 175.50218 165.74951 161
1 613.372 161.24725 435
2 175.45488 165.83748 161
1 612.8596 160.99408 435
2 175.52661 165.82822 161
1 612.8187 159.91847 435
2 175.45262 165.69768 161
1 612.42346 161.93698 435
2 175.54991 165.51015 161
1 612.359 162.00584 435
2 175.56273 165.34482 161
1 611.8985 162.50603 435
2 175.95547 165.24881 161
1 612.1617 162.00885 435
2 175.89568 165.13559 161
1 611.9018 162.6325 435
2 176.29001 165.2679 161
1 612.3031 162.82216 429
2 176.5076 164.85735 162
1 611.9314 162.61526 435
2 176.58743 164.85434 162
1 612.15344 163.24727 435
2 176.78024 164.46884 162
1 612.171 163.33643 435
2 177.0065 164.20242 162
1 612.16034 163.80069 429
2 177.17017 164.72348 162
1 612.482 163.36351 435
2 177.40631 164.36156 162
1 612.35547 163.54567 435
2 177.67957 164.24191 163
1 612.37854 163.31265 435
2 177.85158 163.91675 162
1 612.72766 163.80939 429
2 177.92174 163.92648 162
1 612.87195 164.53642 435
2 178.14471 163.75233 164
1 613.15295 163.71832 435
2 178.35017 163.45715 163
1 613.27026 164.45895 429
2 178.28427 163.40274 163
1 613.3871 165.00092 435
2 178.31973 163.54118 163
1 613.74915 163.0592 435
2 178.45831 163.75188 162
1 613.76733 162.85425 435
2 178.19846 163.59395 162
1 614.12756 163.209 440
2 178.18155 163.44202 163
1 614.43164 163.82996 440
2 178.21227 163.56522 162
1 614.2345 163.69127 440
2 178.15332 163.64291 163
1 614.33624 162.89511 440
2 178.00493 163.74873 162
1 614.4211 164.01382 446
2 178.4099 163.84778 163
1 614.23956 163.02502 440
2 178.00128 163.81836 163
1 614.49036 161.75049 440
2 177.81783 164.04303 162
1 614.8192 162.46274 440
2 177.73788 164.04114 162
1 615.0392 162.1835 440
2 177.86467 164.01744 162
1 615.0825 161.09949 440
2 177.39293 164.19641 162
1 615.00354 162.01271 440
2 177.3322 164.33675 162
1 615.1709 162.70113 440
2 177.4123 164.3164 162
1 615.24915 162.01392 440
2 177.10417 164.6397 162
1 615.48566 162.63914 435
2 177.25894 164.54608 163
1 615.34436 163.20102 440
2 177.03938 164.62842 162
1 614.9713 162.70789 440
2 177.14114 164.60242 162
1 615.31396 161.89865 440
2 176.67702 164.5203 161
1 615.1498 161.76718 440
2 176.7304 164.51166 161
1 615.3517 160.90182 435
2 176.85483 164.68826 161
1 615.3623 161.34106 435
2 176.51349 164.76523 161
1 615.29114 161.51959 435
2 176.77203 164.73328 161
1 615.4193 162.2991 435
2 176.77412 164.62881 161
1 614.97363 162.04324 440
2 176.76372 164.48584 161
1 615.2911 162.68494 435
2 176.96135 164.61346 161
1 615.1482 162.87306 435
2 177.15045 164.42863 162
1 614.91974 162.72873 440
2 177.37564 164.02875 162
1 614.9171 162.89072 435
2 178.18373 163.39667 162
1 614.967 162.64389 435
2 179.00426 162.99823 162
1 614.78436 163.06812 440
2 180.2015 161.37698 163
1 614.69086 163.37212 435
2 181.06427 160.3287 162
1 614.92993 162.749 440
2 182.02283 159.68874 162
1 614.90686 163.76901 435
2 182.15807 159.44751 162
1 614.6368 163.97115 440
2 182.86557 159.16418 162
1 615.2154 164.50906 435
2 183.13942 159.24442 162
1 614.56055 163.51495 440
2 182.41864 160.20903 162
1 615.04236 163.01239 440
2 182.64705 159.87411 162
1 614.4116 163.70105 440
2 182.77448 160.20943 162
1 614.525 163.2262 440
2 182.66478 160.11139 162
1 614.7101 164.38293 446
2 182.2012 160.22264 162
1 614.64355 163.48923 440
2 182.67032 159.91699 162
1 615.0253 163.01073 435
2 182.87553 159.85236 162
1 614.223 162.23993 440
2 182.59013 160.16429 162
1 614.5091 161.9896 440
2 182.44891 160.17041 162
1 614.66956 162.45743 440
2 182.08992 160.92357 162
1 614.68536 162.611 440
2 182.26088 160.80194 162
1 614.58 162.14406 435
2 182.56908 160.98593 162
1 614.90845 161.2559 440
2 182.51979 160.98233 162
1 614.5288 160.96005 440
2 182.70842 160.9072 162
1 614.57336 160.03781 440
2 182.72565 160.29518 162
1 614.7689 161.87997 440
2 182.82567 160.26253 162
1 614.32837 161.56142 440
2 183.0307 160.30444 162
1 614.6454 160.37668 435
2 183.37233 159.95618 162
1 614.8552 161.0688 435
2 183.31882 159.86987 162
1 615.0438 161.07108 440
2 183.60162 159.96092 162
1 614.81085 161.17616 440
2 183.51726 159.8135 162
1 614.69714 162.43454 440
2 183.69113 159.82503 162
1 614.5155 160.76706 440
2 183.28856 159.70569 162
1 614.8137 160.6411 435
2 183.41212 159.8046 162
1 614.9662 160.60696 440
2 183.32367 160.1621 162
1 615.42834 161.58923 440
2 183.32433 160.03308 162
1 614.958 160.95932 440
2 183.13925 160.04645 163
1 615.04004 160.51587 435
2 182.93819 159.91663 162
1 615.02277 160.4325 435
2 183.26003 159.92108 162
1 615.12524 160.98001 435
2 183.23877 159.8339 162
1 614.8396 159.64127 440
2 182.80302 160.13693 162
1 615.1209 160.86514 440
2 183.13968 159.8405 162
1 615.03394 160.72693 435
2 182.64699 160.16672 162
1 615.19366 160.12079 440
2 182.4115 160.1819 162
1 615.0272 159.79602 440
2 182.41463 160.12738 162
1 615.2738 159.44656 440
2 181.89745 160.31079 162
1 614.96704 162.29727 435
2 182.13342 160.21333 162
1 615.17053 161.63025 440
2 181.84575 160.26941 162
1 614.83813 161.79951 440
2 181.93669 160.26904 162
1 615.10974 162.41827 440
2 182.0457 159.9905 162
1 615.1617 161.4963 440
2 182.0039 159.92055 162
1 615.4451 161.53477 440
2 181.71904 160.35294 162
1 614.94507 161.69217 440
2 181.43665 160.31808 162
1 614.83136 162.16498 440
2 181.42395 160.2903 162
1 614.93176 161.81805 440
2 181.43546 160.09079 162
1 614.8219 162.11795 440
2 181.32747 160.28998 162
1 614.77094 162.15833 440
2 181.43439 160.08844 162
1 614.8793 162.88795 435
2 181.16084 160.49217 162
1 614.79614 163.52362 440
2 181.01868 160.47995 161
1 615.13446 162.00644 435
2 180.76273 160.40524 161
1 614.7595 162.00706 440
2 180.98444 160.61441 161
1 615.00916 162.80948 435
2 180.96674 160.46756 161
1 615.0288 163.91707 435
2 180.80626 160.6175 161
1 615.1833 163.53119 440
2 180.67897 160.79044 161
1 615.2687 164.12878 435
2 180.54773 160.91685 161
1 615.1366 162.88538 435
2 180.63504 160.899 161
1 615.2073 162.89682 435
2 180.37523 160.93161 161
1 615.2662 161.29944 440
2 180.16939 161.17166 161
1 615.4779 163.0209 435
2 180.16573 161.25769 162
1 615.52026 162.3768 440
2 179.6653 161.6423 161
1 615.5343 163.24252 435
2 179.4915 162.17838 162
1 615.3771 161.90213 435
2 179.29834 162.72426 161
1 615.3081 163.18613 435
2 179.24294 162.43039 161
1 615.3291 161.68622 440
2 179.20921 162.76184 162
1 615.4 162.98415 440
2 178.8096 162.84837 161
1 615.3052 162.66629 435
2 178.72961 163.08151 161
1 615.4496 162.6502 435
2 178.45561 162.9994 161
1 615.4363 161.93066 440
2 178.39827 163.26447 162
1 615.67834 162.38797 435
2 177.85352 163.54373 161
1 615.4024 162.79373 440
2 177.67465 164.01111 161
1 615.4727 162.12753 440
2 177.58711 164.3848 161
1 615.39526 161.76212 435
2 177.3767 164.51828 161
1 615.26685 162.3511 435
2 177.12518 164.70038 161
1 615.13574 160.7568 435
2 177.12671 164.46214 161
1 615.35986 162.02444 435
2 176.8838 164.82233 161
1 615.3787 162.07034 435
2 176.87634 164.68193 161
1 615.2423 162.00874 435
2 176.9929 164.82294 161
1 615.1322 162.11972 435
2 176.73952 164.79883 161
1 614.8252 162.49576 440
2 176.8558 164.84895 161
1 615.2512 162.73285 435
2 176.96562 164.9744 161
1 614.6313 162.36624 435
2 176.7132 165.42526 161
1 614.38776 163.79507 435
2 176.74414 165.46623 161
1 614.1207 163.76608 435
2 176.48178 165.93839 161
1 614.1846 162.56808 435
2 176.14342 165.77786 161
1 614.0999 163.66666 435
2 176.02388 166.0594 161
1 614.19446 163.98691 440
2 175.76988 165.81184 161
1 613.92175 164.6127 435
2 175.83301 165.93164 161
1 613.5388 164.52249 435
2 175.59511 165.83655 161
1 613.724 164.6491 435
2 175.63104 165.88486 161
1 613.57874 164.57033 435
2 175.62682 165.68452 161
1 612.9679 165.01164 435
2 175.67215 165.61609 161
1 612.8832 165.56302 435
2 175.40674 166.12646 161
1 612.8534 166.53214 435
2 175.61313 165.62982 162
1 613.12427 166.87845 435
2 175.62527 165.6306 161
1 612.7965 165.84451 435
2 175.85631 165.97551 161
1 612.8799 166.74594 435
2 175.80612 166.39978 161
1 612.80426 166.72859 435
2 175.71951 166.16833 161
1 613.1124 166.09045 435
2 176.01974 166.15306 161
1 612.92633 166.7026 435
2 176.10286 166.02571 161
1 613.1656 165.78827 435
2 176.02252 166.26492 161
1 613.48706 165.96631 435
2 176.08496 165.91548 161
1 614.0298 165.81094 435
2 176.16689 166.05467 161
1 614.37305 166.10217 435
2 176.19162 165.94089 161
1 613.9523 165.06235 435
2 176.216 166.00153 161
1 613.985 165.00235 435
2 176.18771 165.75934 161
1 614.164 163.81326 435
2 176.35913 166.12631 161
1 614.53217 165.0994 429
2 176.44818 165.95999 161
1 614.3519 164.98965 435
2 176.45505 166.11626 161
1 614.067 162.7973 429
2 176.53838 165.85712 160
1 614.17944 163.24478 429
2 176.72101 165.94055 159
1 613.6838 164.71082 429
2 177.07188 166.39212 158
1 613.9465 163.81216 424
2 177.29857 166.0456 158
1 613.70667 164.7109 424
2 177.87334 165.97458 158
1 613.687 164.59418 424
2 178.2104 165.8267 158
1 613.8157 163.9613 424
2 179.00935 165.59035 157
1 613.90015 163.97406 424
2 179.59584 164.8392 157
1 614.05023 163.67857 424
2 180.09557 163.47552 156
1 613.7766 164.18864 424
2 180.87627 162.3384 156
1 613.57513 164.1538 424
2 181.25914 161.12874 156
1 613.7932 163.9414 424
2 181.45927 160.30539 156
1 613.77185 164.0426 424
2 181.62218 159.09544 156
1 613.4855 163.41568 419
2 182.31883 157.20042 156
1 613.1404 163.70723 419
2 182.51343 156.44073 156
1 612.9956 162.61517 419
2 183.15735 155.42133 156
1 612.5531 162.0871 424
2 182.09105 156.51154 155
1 611.84314 161.58322 419
2 180.55968 157.93042 155
1 611.8264 160.26024 419
2 179.1521 158.12627 156
1 610.4608 160.91028 419
2 176.97536 158.72333 156
1 610.1324 160.20178 419
2 175.4598 159.73288 0
1 608.948 159.7245 419
2 173.34059 161.5897 155
1 607.646 159.46172 419
2 170.87202 164.08725 156
1 607.1123 157.0433 419
2 168.69513 166.00616 156
1 605.90955 157.16861 414
2 166.46263 166.98007 169
1 604.46594 155.73149 414
2 164.93793 167.2786 168
1 602.87305 154.99164 419
2 162.21889 169.29694 165
1 601.4663 154.22128 414
2 159.06989 171.9635 165
1 600.1112 151.55705 419
2 154.45203 172.74007 164
1 599.7555 144.89499 414
2 150.65742 174.21516 161
1 598.2107 144.45193 409
2 145.14165 174.47601 156
1 596.0055 143.67047 404
2 138.93591 174.90753 154
1 593.3981 142.75305 399
2 131.97304 174.7877 151
1 591.8778 142.35753 399
2 124.92549 174.69641 147
1 589.8865 140.88092 399
2 117.80789 175.79443 141
1 587.6148 141.16028 399
2 110.30423 179.00937 137
1 585.2801 141.52074 395
2 101.90845 179.72984 132
1 583.15656 141.34792 395
2 95.36429 181.97101 130
1 578.85364 141.49628 390
2 89.845215 185.80495 127
1 573.87146 140.50058 390
2 84.0406 191.27316 124
1 569.3878 141.10718 390
2 76.386 194.16907 122
1 564.1038 142.73242 386
2 67.78203 192.89435 122
1 559.52527 143.70013 386
2 55.233826 195.1375 120
1 554.90027 144.58328 386
2 40.08078 190.0737 120
1 551.0058 145.56007 382
2 29.635986 174.6178 119
1 547.16364 145.15549 382
2 21.937317 140.66693 120
1 544.4458 145.31766 382
2 56.092194 24.163635 119
3 46.31613 212.03163 135
1 540.9507 145.85248 382
3 44.99002 217.12894 134
1 537.90485 144.31238 382
3 43.7446 224.08284 135
1 534.45416 143.6874 377
3 42.678894 232.94553 136
1 530.959 142.28587 377
3 41.084686 240.15646 135
1 528.4197 128.23189 377
3 40.06256 251.42966 134
1 524.1775 130.03027 373
3 39.14209 264.79248 133
1 520.67114 127.423416 373
3 36.496704 274.26932 133
1 513.7384 126.1625 365
3 32.027527 310.83264 133
1 510.1996 127.70707 365
3 23.46576 323.17096 131
1 507.23224 129.89362 358
3 13.942688 322.9676 130
1 504.0246 131.08345 358
1 500.8737 133.24373 362
1 497.7713 135.21297 365
1 495.95505 134.86304 365
1 493.46066 135.14171 365
1 491.98218 137.10634 365
1 490.08466 136.38762 362
1 488.3496 137.60562 362
1 486.4696 139.17801 365
1 485.43045 137.33823 365
1 483.60382 137.69122 362
1 482.2651 137.74164 362
1 480.72937 136.13171 362
1 478.56912 137.4635 362
1 476.61627 138.59616 362
1 474.4726 136.19002 362
1 472.57556 135.21526 362
1 470.61057 136.7692 362
1 468.9748 135.70352 362
1 466.96747 133.91013 362
1 465.0859 134.53476 362
1 464.05185 131.12749 362
1 462.2338 132.26318 365
1 461.727 130.30777 362
1 460.06506 131.79895 362
1 457.88635 133.3489 362
1 456.63928 134.56808 362
1 455.4417 135.72491 362
1 454.55356 134.1607 362
1 453.42896 136.28008 362
1 452.87122 134.47836 362
1 452.51672 134.36928 362
1 451.769 134.78247 362
1 451.5767 134.17404 362
1 451.22742 134.34416 362
1 450.89948 134.75873 362
1 450.58377 134.48932 358
1 451.20923 133.5133 358
1 451.4363 132.86374 362
1 451.57358 133.91013 358
1 451.32343 134.5657 358
1 451.5 136.3002 362
1 451.0982 136.2383 362
1 451.3397 136.74228 358
1 451.26807 136.51263 358
1 451.39877 136.65079 358
1 451.29785 138.01712 358
1 451.13348 138.704 358
1 451.34674 138.95428 354
1 451.2787 138.93826 358
1 451.58246 137.93375 354
1 451.5547 137.81702 354
1 451.95044 138.51312 358
1 451.7539 138.67786 354
1 451.68152 137.76157 358
1 451.4585 138.55803 358
1 451.70984 137.19284 354
1 451.59686 135.42603 354
1 451.65674 135.76608 354
1 451.5539 136.17369 354
1 451.20737 137.20163 354
1 451.38373 136.84088 354
1 451.3773 136.06197 354
1 451.0376 137.10458 354
1 451.0216 136.63263 354
1 450.3605 137.65067 354
1 450.48798 138.73633 358
1 450.69086 137.66824 354
1 450.68814 136.90375 354
1 450.31458 138.89893 354
1 450.68146 136.97595 354
1 450.15045 139.05429 354
1 450.52136 138.37556 354
1 450.63437 135.79446 351
1 450.3432 137.35063 354
1 451.00653 136.01562 351
1 450.79718 136.03442 354
1 450.49957 135.04471 351
1 450.81927 135.33745 351
1 450.70523 135.65466 351
1 450.84174 135.82959 351
1 450.78082 137.27237 354
1 451.02048 136.46072 354
1 450.41132 136.75589 351
1 450.29718 138.32266 354
1 450.04962 138.04413 354
1 450.5974 134.13817 351
1 450.39243 134.81894 351
1 450.12286 135.75809 351
1 450.0603 135.67764 351
1 450.0436 136.48695 351
1 449.87378 137.11397 354
1 449.7845 136.66402 351
1 449.4287 137.70023 354
1 449.46854 136.68683 354
1 449.6109 137.71228 354
1 449.484 135.79582 351
1 449.26782 136.04404 354
1 449.3476 136.21796 354
1 449.2254 136.3855 354
1 448.8496 137.66891 354
1 449.01913 136.06525 354
1 449.05612 135.74417 354
1 449.2237 134.29022 358
1 449.51453 134.75482 354
1 449.21313 135.24942 351
1 449.17166 135.65372 351
1 449.44662 136.35477 354
1 449.27997 136.03241 358
1 449.62042 136.52153 354
1 449.72406 137.24619 354
1 449.15472 138.988 358
1 449.00583 138.70041 358
1 448.98547 138.10324 358
1 448.89545 139.32486 354
1 449.2257 139.09502 354
1 449.03705 140.11185 354
1 448.4615 140.35553 354
1 448.34595 141.32846 354
1 448.73727 143.04991 358
1 447.622 144.10379 354
1 446.99078 140.86758 354
1 446.9702 143.03984 358
1 446.7834 140.60623 358
1 446.59592 143.35202 358
1 446.8761 144.06613 358
1 446.27094 142.35869 362
1 446.39487 143.79088 362
1 446.44852 140.04346 362
1 446.30722 141.00925 362
1 445.66446 140.8252 362
1 445.318 143.89651 362
1 445.0394 140.64603 362
1 444.39413 141.92238 362
1 444.1928 142.25499 362
1 443.75436 139.29619 362
1 443.59125 141.15892 362
1 443.1486 143.81061 362
1 443.0897 139.77306 362
1 443.20154 139.70662 362
1 443.13672 139.24332 362
1 443.07416 138.06174 362
1 442.93793 140.38817 365
1 443.41705 140.08694 362
1 442.99936 138.38556 362
1 443.45386 139.03635 362
1 442.91776 135.60397 362
1 443.33618 138.7363 362
1 443.52475 136.86746 362
1 443.58664 136.87387 362
1 444.12183 137.54688 362
1 444.27783 138.06563 362
1 444.42154 135.78821 358
1 444.7609 135.67355 358
1 444.94437 137.19022 362
1 445.62463 135.93637 362
1 446.0125 136.53148 362
1 445.86804 135.94858 362
1 446.38037 138.1668 358
1 446.64703 135.97452 362
1 446.89978 134.84581 358
1 447.11884 135.08827 358
1 447.644 134.63342 358
1 447.48535 135.1939 358
1 448.05444 134.00797 358
1 448.47183 134.3208 358
1 448.48172 133.01218 358
1 449.27875 132.73087 354
1 449.57254 132.58499 358
1 450.068 132.57571 351
1 449.94452 132.0776 358
1 450.44922 133.67322 362
1 450.50558 133.03912 358
1 450.45532 133.40631 354
1 450.63037 133.31311 354
1 450.99414 132.1785 351
1 451.17383 132.8586 347
1 451.61627 131.8774 347
1 451.57996 131.79193 347
1 451.68402 131.97672 347
1 451.7553 130.80832 344
1 451.73975 133.50208 347
1 452.09616 131.93573 344
1 452.16858 134.00616 351
1 452.14514 132.44919 347
1 452.57837 132.96481 351
1 453.304 131.93628 347
1 453.4511 132.70908 347
1 453.6043 134.69298 347
1 454.24103 132.99338 347
1 454.52826 134.4761 347
1 455.1526 134.34492 347
1 455.79388 133.53247 347
1 456.64935 133.87643 347
1 457.69766 132.384 347
1 458.36163 133.92487 347
1 459.4416 134.48798 351
1 460.22748 134.36807 351
1 461.07147 134.23383 351
1 462.12177 134.92981 351
1 463.7033 135.69814 351
1 464.92764 135.26627 351
1 466.46735 137.33237 351
1 468.3371 136.75494 347
1 470.4671 134.24515 347
1 471.96082 137.79947 351
1 473.91486 138.60744 347
1 476.59418 137.48483 347
1 479.49445 138.0956 347
1 483.20645 137.8892 344
1 486.69724 137.92702 344
1 491.0772 138.1214 347
1 495.32275 139.18687 347
1 499.83362 137.78412 347
1 504.43124 138.88922 344
1 508.7469 139.04012 347
1 513.14526 138.28897 347
1 518.12885 140.35956 347
1 521.94635 141.24498 347
1 527.19275 138.85458 347
1 531.1632 140.03821 351
1 535.82916 140.56702 351
1 539.7257 140.69058 351
1 544.5244 140.64021 351
1 548.79974 139.13376 351
1 553.2423 139.15213 347
1 558.0911 135.49667 351
1 561.88116 135.6181 347
1 567.43335 138.58997 351
1 573.0393 140.00401 351
1 577.7255 143.44087 351
1 581.63806 143.76135 347
1 584.9905 144.15558 351
1 589.3031 143.29057 351
1 592.6747 143.8937 358
1 594.8933 145.07108 354
1 596.96533 146.50356 362
1 598.8585 148.66293 362
1 600.6747 151.28201 365
1 602.02106 155.7604 362
1 603.5034 159.92117 362
1 605.0703 164.10631 365
1 606.0217 169.00699 362
1 607.8971 173.61838 365
1 609.17194 178.29381 362
1 610.6282 183.77124 365
1 612.7811 185.89703 365
1 614.6316 188.91391 369
1 617.37177 190.42603 369
1 618.4362 195.29376 373
1 621.3237 197.2383 369
1 623.2481 203.37723 373
1 626.3004 203.04616 369
1 627.95374 228.0372 369
1 621.8989 192.7423 304
1 621.1559 187.19821 301
1 620.2511 185.29433 301
1 619.5085 181.61737 301
1 619.1267 180.51505 301
1 617.9232 180.49611 301
1 616.97107 178.8675 304
1 616.1782 180.74551 296
1 615.7471 178.39185 284
1 614.7319 179.91191 279
1 613.61694 180.58734 277
1 611.83527 183.88026 277
1 610.3634 151.98654 277
1 607.3373 153.50682 277
1 604.68604 154.26663 277
1 602.9425 154.30513 277
1 601.1344 152.81589 279
1 599.1817 151.29935 277
1 597.15344 148.5126 277
1 595.27966 146.93974 275
1 594.1747 143.88135 277
1 592.74023 142.69382 277
1 591.4127 141.71573 277
1 590.07886 138.51392 277
1 588.3242 137.62717 273
1 585.15967 136.54593 273
1 582.3456 137.01149 271
1 578.49725 136.85072 269
3 8.673859 172.18561 307
1 574.67163 136.93149 271
3 10.933289 159.7681 307
1 569.6913 136.28696 271
3 15.621185 156.12593 307
1 564.31757 135.69899 271
3 20.070953 155.88504 307
1 558.9751 135.6751 273
3 25.131927 155.47223 307
1 554.29663 136.72054 277
3 30.57306 155.80896 307
1 549.2466 139.3188 273
3 36.2471 152.82854 304
1 538.4238 145.12482 273
3 45.787476 146.75659 301
1 532.38617 148.57518 275
3 51.47046 146.611 301
1 526.8586 151.12671 277
3 56.07242 145.4402 299
1 521.11523 153.3961 279
3 62.770447 146.86026 296
1 515.69653 154.52362 279
3 70.30504 149.53485 296
1 510.66553 156.4097 279
3 76.96799 151.07932 296
1 505.4801 157.67996 279
3 85.114 151.44925 296
1 500.3606 157.93121 279
3 93.079636 152.5227 296
1 495.11737 158.27927 277
3 100.53226 152.02277 294
1 490.00122 158.31277 277
3 108.43765 150.02779 296
1 484.6279 157.70407 275
3 116.04465 149.30959 296
1 478.9079 156.35338 275
3 123.80737 146.68341 294
1 474.02567 155.43016 273
3 132.42113 139.49646 289
1 468.84674 154.51056 271
3 142.87111 138.21446 291
1 463.44165 152.86035 271
3 152.04036 139.13454 289
1 459.08527 151.39743 271
3 159.86739 143.94589 286
1 454.58405 148.4076 271
3 166.22192 146.93939 286
1 450.6336 145.09653 271
3 171.45726 148.78554 286
1 446.0124 141.03697 271
3 177.38187 149.6282 284
1 441.29022 138.32341 271
3 182.67926 151.35936 284
1 437.30508 139.98175 273
3 187.45615 151.6433 286
1 432.84058 139.19577 273
3 193.14381 151.20938 289
1 427.6505 141.48419 273
3 198.5066 151.2666 286
1 424.33383 143.41313 273
3 204.05466 150.38756 284
1 421.34378 145.2804 273
3 209.46521 149.19887 284
1 418.58096 146.73102 271
3 213.70238 148.58714 284
1 416.48093 147.14984 271
3 219.01347 147.18173 284
1 414.15872 148.9351 271
3 225.52274 145.81293 279
1 411.79773 149.30045 271
3 232.37624 144.30814 277
1 409.4936 148.89929 271
3 238.91841 141.28633 277
1 407.88254 148.88498 271
3 244.90903 140.21344 277
1 406.46173 147.99777 269
3 250.58235 142.6925 275
1 405.3351 146.43129 269
3 255.56473 147.15405 275
1 404.06964 145.47113 269
3 260.0319 150.31207 273
1 403.14294 145.9554 266
3 263.7808 151.79881 273
1 402.20868 145.17744 266
3 266.83264 151.08063 273
1 401.2857 144.44423 264
3 269.9743 152.07703 275
1 400.82346 143.63959 264
3 274.26685 153.14203 275
1 399.25558 143.95291 269
3 276.7525 152.70218 275
1 398.40173 144.00395 269
3 279.73087 152.7663 275
1 398.8732 143.84903 269
3 283.73907 152.89221 277
1 397.5775 145.41347 269
3 286.05518 150.47783 275
1 398.78876 142.38965 269
3 291.36765 152.72348 275
1 397.56717 144.79128 271
3 293.13782 149.98804 275
1 397.85767 145.41176 271
3 296.45496 148.89362 275
1 397.84344 146.03436 271
3 299.31033 148.48384 275
1 399.91885 141.92569 271
3 305.03708 152.25519 277
1 399.92953 142.23279 271
3 307.78757 152.17328 275
1 399.78058 142.8508 271
3 310.7758 152.16853 275
1 399.87433 141.83118 269
3 313.14944 149.27917 275
1 397.22354 146.42953 266
3 312.36465 143.08249 275
1 395.24515 149.02505 269
3 313.99817 137.9168 275
1 395.60468 149.04623 269
3 316.18472 136.45886 275
1 396.41754 147.7727 269
3 318.03012 135.41678 275
1 397.33533 146.52396 269
3 319.3331 135.73166 275
1 397.4644 146.67749 269
3 320.55316 135.31209 277
1 397.45984 146.3262 269
3 320.97498 135.72092 277
1 397.63666 145.3785 269
3 321.42258 135.6793 277
1 397.44025 146.29343 269
3 321.7324 135.24747 275
1 397.81506 145.79968 269
3 322.24396 135.10434 275
1 397.91507 145.86064 271
3 322.20538 134.89401 275
1 398.16714 145.7626 271
3 322.35684 134.44983 275
1 398.14377 145.88168 271
3 322.7723 136.0979 273
1 398.3626 145.874 271
3 323.23297 137.16476 273
1 398.73578 145.68658 271
3 323.83456 137.47614 273
1 398.9495 145.5892 271
3 323.88324 138.08133 271
1 398.77374 145.86012 271
3 324.1866 138.27159 271
1 398.85028 146.2273 271
3 324.21628 138.5775 271
1 398.5465 145.67136 271
3 324.41617 138.77362 271
1 398.54987 145.79892 271
3 324.36688 139.28827 271
1 398.2939 145.7042 271
3 324.22137 138.5227 271
1 398.39508 145.69205 271
3 324.00226 139.19847 273
1 398.17975 145.45657 273
3 323.7704 138.45905 273
1 398.20242 146.69421 271
3 323.5028 138.40768 275
1 397.93506 146.30066 271
3 323.03348 137.66359 273
1 397.72696 146.12933 271
3 322.67072 138.09776 273
1 397.89716 145.72446 271
3 322.2252 136.98965 275
1 397.74725 146.05408 271
3 322.1338 138.35767 273
1 397.34192 146.16638 271
3 321.56662 136.52673 273
1 397.10583 146.97922 271
3 321.08246 136.44806 275
1 397.39056 145.86292 271
3 320.8093 136.14064 275
1 397.10883 146.45505 271
3 320.75363 136.08447 275
1 397.04745 146.47302 269
3 320.88568 135.49673 275
1 396.812 146.41888 269
3 320.8384 133.75183 277
1 396.3465 147.26459 269
3 320.54257 134.15866 275
1 396.6116 146.94357 269
3 320.59433 134.41748 277
1 396.4879 146.40408 269
3 320.11533 134.30525 277
1 396.12134 146.82495 269
3 320.39444 134.02896 277
1 396.12943 146.90135 269
3 320.04562 133.91272 277
1 396.07666 146.57425 269
3 320.0219 133.62328 277
1 396.0108 146.19101 269
3 319.84592 134.15942 275
1 395.69672 146.50629 269
3 319.41486 134.33997 275
1 395.75296 145.94583 269
3 319.70203 135.28345 275
1 395.4054 146.11563 269
3 319.43512 135.39015 275
1 395.4342 145.84804 269
3 319.3385 134.90273 275
1 395.57596 145.6063 269
3 319.07874 134.75024 275
1 395.4968 145.7085 269
3 319.13443 135.10391 275
1 395.47238 145.89203 269
3 318.86017 135.30621 275
1 395.4044 145.21017 269
3 318.97153 135.33466 275
1 395.42087 145.86026 271
3 319.1164 135.06538 275
1 395.17847 145.8863 271
3 318.96542 135.00697 275
1 395.35077 145.31804 269
3 318.9092 134.9005 275
1 395.58 145.81372 271
3 318.93533 134.87595 275
1 395.50638 145.73929 271
3 319.1114 135.31311 275
1 395.54285 145.56508 271
3 319.00415 135.22984 275
1 395.51215 145.57936 271
3 318.87207 136.00717 275
1 395.71762 146.1011 271
3 319.0914 135.56042 275
1 393.07352 150.81345 291
1 392.20468 151.13365 294
1 392.02118 152.37234 294
1 392.16934 152.42383 294
1 391.84033 152.80997 294
1 392.40924 151.89806 296
1 392.15207 152.02635 296
1 391.70688 150.6908 299
1 391.49896 149.92786 299
1 390.78714 150.31625 299
1 389.70755 148.8526 301
1 389.59918 148.85912 301
1 390.33597 148.58356 301
1 390.764 146.87384 301
1 390.60275 148.57628 304
2 323.12228 137.06204 294
1 391.38367 148.83823 301
2 322.32227 136.13304 294
1 392.04083 148.89426 304
2 321.93338 135.46564 296
1 393.06296 148.68803 301
2 321.33487 136.34013 294
1 393.8305 147.55093 304
2 320.485 135.98497 291
1 394.40533 148.09335 307
2 320.28943 133.66806 289
1 394.54037 147.96681 307
2 319.45352 131.60074 289
1 394.82416 148.5145 307
2 318.60965 129.43506 286
1 395.41708 147.34723 307
2 317.713 126.593025 284
1 395.98022 145.7727 307
2 317.38574 126.02626 279
1 396.5214 144.56656 307
2 316.569 126.03905 277
1 397.30377 142.28305 304
2 315.86176 125.02216 275
1 396.87808 139.10643 304
2 315.0389 125.81974 273
1 401.8985 133.93997 301
2 316.3369 130.71664 275
1 403.29932 132.47388 296
2 314.92935 130.17644 271
1 405.04956 132.19792 294
2 314.03497 129.57578 275
1 406.73083 131.33238 291
2 312.6778 129.30325 273
1 408.7963 129.95845 289
2 311.7903 128.54071 271
1 411.4019 129.97144 286
2 312.9762 127.02793 271
1 414.09998 129.43338 282
2 312.9185 127.44406 269
1 416.30463 129.82733 279
2 312.53455 127.35713 269
1 418.65323 128.72601 279
2 312.3894 127.95301 266
1 419.86337 130.234 275
2 312.0676 128.34769 266
1 420.85596 133.6492 269
2 312.01727 127.53404 269
1 421.27844 135.39154 262
2 311.55682 127.679375 264
1 421.7226 136.8561 257
2 310.34644 131.24615 258
1 422.3092 138.33984 257
2 309.55643 135.39102 253
1 421.99927 140.57013 255
2 308.92508 140.80544 251
1 421.93463 142.08035 253
2 307.93127 144.95288 249
1 422.32025 144.17255 249
2 307.95624 149.73633 247
1 424.25836 149.44258 246
2 308.1994 154.21945 246
1 425.47687 154.58643 242
2 308.70868 157.58977 244
1 426.69547 158.18423 240
2 310.01242 158.64368 242
1 428.9124 161.9982 240
2 310.99225 158.42987 240
1 430.00992 163.47604 240
2 312.1983 158.23907 237
1 431.13388 162.97379 237
2 313.51584 156.86406 237
1 433.14484 163.09796 232
2 315.099 156.12079 237
1 434.75037 162.07967 229
2 317.0213 154.06215 237
1 436.38208 161.67581 228
2 319.23352 153.04941 237
1 437.5549 161.59433 226
2 321.85013 151.59496 239
1 439.38104 162.8471 226
2 324.5482 148.6753 235
1 440.43777 162.07315 225
2 326.8586 148.17218 234
1 441.63733 161.86316 223
2 328.0514 147.50787 232
1 442.3771 161.80188 223
2 329.7672 147.11707 232
1 442.96503 162.25623 223
2 330.35068 146.4237 232
1 443.0431 161.65704 223
2 330.87314 146.84143 231
1 443.352 161.07747 223
2 331.4933 146.512 229
1 443.275 160.94368 223
2 331.8768 145.78653 228
1 443.16187 160.56195 223
2 331.74673 146.2668 228
1 443.09692 160.24106 225
2 331.81348 145.69217 228
1 442.79074 159.74405 225
2 331.96912 146.41217 228
1 441.71582 158.69733 226
2 331.83173 145.91798 228
1 440.75275 158.17975 228
2 331.64645 146.47885 229
1 440.25964 157.74057 228
2 331.3699 145.56862 231
1 441.10306 151.61009 229
2 331.30063 145.62968 232
1 440.59686 149.38824 232
2 330.64145 142.22739 232
1 440.23547 146.80547 234
2 328.95514 138.12292 234
1 439.23917 144.94992 232
2 328.7841 136.15425 237
1 438.33047 144.75055 231
2 328.16257 135.56992 239
1 436.4616 143.49744 232
2 327.8617 135.13586 242
1 435.3236 141.76831 235
2 327.60455 135.26505 246
1 433.60095 140.14859 239
2 327.53336 134.34859 251
1 432.8072 137.93741 244
2 327.6472 133.08539 255
1 431.90707 135.71252 247
2 327.77686 130.76381 255
1 430.51532 133.27219 255
2 327.85764 130.35324 258
1 428.002 130.05533 258
2 326.10196 130.95538 260
1 426.96677 127.264496 262
2 325.30643 131.93427 262
1 425.81885 125.54222 266
2 324.88046 131.88802 262
1 423.2481 124.13933 269
2 322.83078 132.7385 266
1 422.35324 123.55277 271
2 322.48193 132.15262 269
1 417.7633 125.34147 271
2 320.22476 132.21454 271
1 416.57608 126.61468 275
2 319.90186 131.92276 275
1 415.44824 128.11143 277
2 319.89725 130.17757 275
1 414.3175 128.88232 277
2 319.82324 130.03195 277
1 414.11496 129.16946 279
2 320.12448 131.34578 282
1 412.9067 129.96375 279
2 320.1099 130.92496 284
1 409.405 130.59315 282
2 318.82364 130.66272 284
1 407.8393 130.19098 284
2 318.71036 130.73997 286
1 407.16806 130.63132 286
2 319.27972 130.63007 286
1 406.76642 131.20197 291
2 319.52942 130.78503 291
1 406.44702 130.40045 296
2 319.34128 129.71893 294
1 404.237 130.61539 299
2 317.1704 128.78592 296
1 401.83267 128.62155 304
2 315.04263 128.10805 304
1 403.20767 126.54189 307
2 315.98364 128.27878 307
1 401.2598 125.228836 312
2 313.1908 128.58379 312
1 401.17365 125.11003 318
2 312.08823 127.79095 315
1 408.64697 121.82932 321
2 317.73376 129.95029 318
1 407.2357 120.699814 324
2 316.52405 128.42238 321
1 406.0764 121.87054 327
2 314.8718 128.65591 327
1 404.9461 121.93612 330
2 313.17526 128.3902 327
1 403.57425 123.282196 330
2 311.65286 128.3187 327
1 402.0879 124.68674 334
2 310.91446 127.42317 330
1 400.34637 126.29924 340
2 310.7623 128.32709 337
1 399.22455 128.27309 344
2 310.62366 128.5109 340
1 397.68515 129.20049 344
2 310.13422 128.04651 340
1 396.634 129.651 347
2 310.52463 129.15775 340
1 396.0556 130.27834 351
2 311.13354 131.118 344
1 394.87973 132.08304 358
2 311.64743 131.35526 347
1 394.74158 131.74454 358
2 312.84995 132.89262 351
1 394.47275 132.29288 358
2 313.1893 134.13795 354
1 393.59906 132.1739 358
2 314.20453 134.62097 354
1 392.653 133.37576 362
2 314.68414 134.93066 358
1 391.64035 133.72943 365
2 315.5574 133.32314 365
1 392.47675 131.48189 369
2 317.39432 133.005 369
1 391.807 131.63339 373
2 318.0777 133.57645 369
1 387.50122 132.3226 377
2 314.8633 131.66492 369
1 386.92194 132.36542 377
2 315.07217 131.32414 373
1 386.37686 131.8609 377
2 314.97348 132.41235 373
1 385.4694 131.48077 377
2 314.97485 133.11531 382
1 386.3698 129.25952 386
2 316.64178 134.34552 382
1 385.57623 130.1456 390
2 316.61526 135.02579 382
1 385.54425 130.5521 390
2 316.64926 134.70477 386
1 385.42404 132.06139 390
2 316.8266 134.88562 386
1 383.7653 133.54616 390
2 315.1755 134.17355 386
1 385.19095 135.86867 390
2 317.16812 133.69824 386
1 384.50378 133.88626 395
2 317.14062 134.54369 390
1 382.35974 133.99973 395
2 315.27875 133.94998 390
1 383.5782 131.53516 395
2 316.7314 135.10347 390
1 383.73737 132.36646 395
2 316.4762 135.05621 390
1 383.54843 131.61479 399
2 316.1018 134.92108 395
1 382.33875 134.02856 399
2 314.60513 136.02048 404
1 382.56207 133.27559 399
2 313.996 135.60362 404
1 382.9458 132.64531 399
2 313.63373 133.58337 404
1 383.442 133.375 404
2 312.91354 134.51442 404
1 384.6129 131.30296 399
2 313.4153 136.38483 409
1 385.11053 131.10547 404
2 312.60815 136.0517 409
1 386.0863 131.22522 404
2 312.333 134.96823 409
1 387.251 132.37404 404
2 311.92978 135.65497 409
1 388.10605 133.46152 409
2 311.53247 135.62585 409
1 389.61288 135.51773 409
2 311.07672 136.30972 409
1 391.15143 135.85825 409
2 310.94122 136.44644 414
1 393.01367 134.15787 409
2 311.5233 137.94026 414
1 393.74884 137.1323 409
2 310.19598 138.38054 419
1 396.5906 137.86703 409
2 310.51373 137.83516 419
1 398.91974 136.92938 409
2 310.3407 138.89465 419
1 401.6407 136.81639 409
2 310.2082 138.89865 424
1 403.11148 138.62247 409
2 308.8398 137.55974 424
1 406.31677 137.80359 414
2 308.41705 136.39026 424
1 409.39148 138.31738 414
2 308.54642 136.06303 424
1 411.9986 137.8894 414
2 308.34338 136.88446 424
1 415.24707 137.07376 414
2 308.34784 135.67711 424
1 418.4885 136.8749 414
2 307.90485 135.21127 424
1 421.96136 135.41826 414
2 307.89072 135.39304 424
1 425.30853 134.50412 414
2 307.7367 135.36063 424
1 428.68878 134.53026 414
2 307.20047 132.20886 424
1 432.12155 133.6217 409
2 306.95636 135.05563 429
1 434.92432 133.63512 409
2 306.85193 134.08408 424
1 437.97147 133.55745 409
2 305.9872 133.78387 429
1 441.01743 134.88405 409
2 305.86716 134.48318 429
1 443.8833 133.14912 409
2 305.00018 135.24706 429
1 446.8193 133.58194 404
2 304.09198 136.1965 429
1 449.8686 133.49387 404
2 303.3214 137.137 435
1 452.53333 133.5557 409
2 301.66318 138.2995 435
1 455.5069 136.38641 409
2 300.44986 141.59793 440
1 457.69476 136.34326 409
2 298.66922 142.56287 446
1 461.2214 139.9208 409
2 297.38455 143.3933 446
1 464.98068 145.15543 409
2 295.28864 143.33395 452
1 468.17383 146.70029 409
2 293.40695 144.66539 458
1 471.12683 147.21904 404
2 290.4855 143.20064 464
1 474.29138 150.14822 404
2 288.43933 143.86566 470
1 477.4599 150.38971 404
2 285.43542 142.5698 470
1 479.52316 150.40901 399
2 282.08304 140.00815 470
1 483.3687 149.26617 409
2 279.23044 140.46497 470
1 486.30786 147.94534 404
2 276.37433 138.93443 477
1 489.91373 149.17752 399
2 273.5991 140.74182 477
1 493.62906 147.1897 399
2 269.8974 137.75934 483
1 496.6195 145.8805 395
2 265.74008 137.21143 483
1 499.97284 144.36214 395
2 262.4542 139.64386 477
1 502.73114 142.06474 395
2 257.8203 141.3396 483
1 506.25354 140.29294 395
2 253.27356 144.79489 477
1 510.52878 136.51337 395
2 250.09512 148.18062 477
1 513.97906 136.3014 390
2 246.64362 149.15527 483
1 518.3154 134.44943 386
2 242.37128 151.67328 490
1 521.95325 132.12411 390
2 238.35742 155.01663 490
1 524.9609 130.01184 386
2 233.27187 154.3378 497
1 528.4678 129.06607 386
2 228.88986 154.87317 497
1 531.58563 126.73478 382
2 224.35487 151.08957 497
1 534.71606 129.55722 377
2 220.28105 149.57928 497
1 537.28784 128.54788 377
2 215.37447 146.73099 497
1 539.65576 128.35587 377
2 210.91913 145.8768 497
1 542.2911 127.03974 373
2 204.22131 142.60144 505
1 545.2749 124.43519 373
2 198.77516 143.54034 505
1 547.9922 125.008835 369
2 194.08969 147.1429 505
1 549.972 125.369354 369
2 188.31294 151.13791 505
1 552.3948 128.51099 365
2 184.08488 151.62439 505
1 553.9392 127.4413 362
2 178.2087 154.56584 505
1 556.4403 127.86184 358
2 174.22592 156.94284 505
1 558.9199 126.82192 354
2 170.01915 156.37646 512
1 560.63196 126.21424 347
2 166.63431 156.36806 512
1 563.13226 124.22395 347
2 161.76518 154.647 505
1 565.53064 123.64942 344
2 157.44334 154.28476 505
1 567.0955 123.203316 344
2 152.3942 153.77307 505
1 568.8055 124.0301 344
2 147.48503 151.58624 505
1 571.0912 125.75636 337
2 141.90387 151.67313 505
1 572.8247 127.9827 337
2 136.16829 149.37244 505
1 574.6784 128.84496 330
2 130.72633 150.21005 505
1 574.93884 131.57236 330
2 124.60231 146.70316 505
1 575.03644 132.2424 324
2 119.12758 142.47302 497
1 574.7964 133.19919 321
2 115.13107 142.35303 497
1 574.0921 134.55145 315
2 110.534836 144.57349 497
1 573.2566 134.93018 312
2 104.581314 150.06566 497
1 572.61096 134.9084 310
2 99.60309 151.9975 497
1 571.49713 135.51855 310
2 94.260635 150.80234 497
1 571.0996 135.39328 307
2 89.70015 149.25627 490
1 570.23096 135.87692 299
2 85.27696 147.57385 483
1 568.9453 136.68301 296
2 80.20366 147.9984 477
1 567.2986 135.60347 291
2 76.03494 149.24475 464
1 564.2728 134.26611 286
2 72.05896 149.3639 464
1 561.26074 134.2251 289
2 67.27881 149.3061 470
1 557.98376 134.90323 286
2 59.92563 148.35449 470
1 554.9089 136.53261 286
2 53.832123 147.53906 464
1 551.948 137.9318 284
2 48.694336 145.10782 458
1 548.0731 139.16183 279
2 44.471375 140.88763 452
1 544.5261 140.8714 282
2 40.52945 135.09195 446
1 539.9303 142.7233 282
2 37.487885 133.7096 446
1 534.46643 144.03061 284
2 34.67801 136.33679 440
1 528.34863 147.43854 284
2 32.292694 136.73953 435
1 522.0862 149.89166 284
2 29.706116 139.27815 429
1 517.0964 150.39941 284
2 27.478424 137.75066 429
1 512.13403 152.4382 286
2 24.967987 136.64264 424
1 508.18433 154.72624 284
2 23.61789 136.69455 419
1 503.8255 157.06036 284
2 21.417145 136.88092 419
1 499.3476 157.68279 284
2 19.396332 134.04285 414
1 495.36322 157.80571 282
2 17.435059 130.88718 409
1 490.30756 159.0528 286
2 15.034515 129.79155 404
1 485.47955 159.31215 279
2 13.822144 125.864685 404
1 481.0404 159.68723 279
2 12.558136 128.74042 399
1 475.91043 158.17133 279
2 11.781433 130.98001 395
1 471.25958 156.00372 277
2 11.099976 134.96521 386
1 465.4593 153.95523 277
2 10.570343 139.67871 382
1 461.20557 152.0008 275
2 10.314117 142.39786 386
1 457.05566 150.29861 275
2 9.013458 143.41414 386
1 453.03812 146.93225 275
2 9.223785 142.57294 386
1 448.62305 144.23892 275
2 8.672821 146.13834 382
1 444.58875 141.03622 273
2 8.626129 147.75354 382
1 440.7428 138.6297 273
2 8.659485 149.63995 382
1 435.7215 136.52652 273
2 9.48291 150.20605 373
1 430.52203 137.69112 271
2 9.387909 149.92644 362
1 425.46835 141.39374 271
2 9.215576 146.14435 354
1 421.42145 144.18588 271
2 9.154541 144.6846 358
1 417.19476 146.44472 271
2 8.415405 135.29599 351
1 412.7469 149.24896 271
2 8.513702 128.6533 358
1 410.34988 150.63065 269
2 8.769104 125.90031 354
1 408.16504 152.92142 269
2 9.001953 125.95388 351
1 406.50098 154.60315 266
2 9.253876 128.92746 340
1 403.73978 155.7645 262
2 10.103699 134.85956 337
1 402.1996 157.73688 262
2 10.769653 142.52829 327
1 400.3361 158.49411 264
2 12.729553 152.55733 324
1 398.1947 159.34952 262
2 14.6666565 161.11525 315
1 397.0941 158.89178 262
2 16.324799 164.43332 315
1 395.77902 158.60808 262
2 18.177185 164.16635 315
1 394.4481 157.35966 262
2 19.410736 162.7869 315
1 393.42184 156.91025 260
2 20.03946 162.18806 312
1 393.3228 155.12761 260
2 20.65979 159.03851 310
1 392.43134 154.65634 260
2 21.893616 155.50555 307
1 391.37823 154.06808 260
2 23.316223 151.29398 304
1 391.03632 153.20874 260
2 24.524597 148.42891 301
1 389.29926 152.78308 260
2 25.86676 145.45099 301
1 388.3235 151.75407 260
2 26.61087 143.37695 301
1 387.84845 150.55254 260
2 27.71814 142.14568 294
1 386.75424 149.95651 258
2 29.57016 141.72221 289
1 386.20032 149.35156 258
2 30.996918 141.31671 284
1 385.34784 148.55698 257
2 33.118225 141.40335 282
1 385.0499 147.91101 257
2 34.943573 140.14777 282
1 385.01514 147.63521 255
2 37.081024 141.43497 279
1 384.1637 150.12076 257
2 39.581787 143.63918 275
1 383.6706 149.97513 255
2 42.51477 142.50002 275
1 383.19177 150.08685 255
2 46.048187 140.30142 275
1 382.79468 149.79556 253
2 50.16809 140.64813 275
1 382.4161 150.00896 253
2 54.242767 142.91843 275
1 382.14026 149.39558 253
2 58.98462 145.5082 275
1 381.93896 149.18402 257
2 63.07007 146.81653 273
1 381.5628 149.54764 258
2 67.36406 147.7188 271
1 381.53973 149.28787 258
2 71.00165 147.33234 266
1 381.71808 148.91763 258
2 74.96214 147.78464 264
1 381.541 148.96613 258
2 78.54477 146.42653 262
1 382.05658 148.0451 255
2 83.3127 147.40594 260
1 381.7489 148.38622 257
2 89.04318 143.94238 264
1 381.95224 147.88612 255
2 95.006805 143.32927 266
1 382.10934 147.90211 257
2 100.79619 143.15323 264
1 381.8438 148.56516 258
2 105.59082 144.88452 266
1 381.40283 148.74951 258
2 110.97237 148.7226 266
1 381.2571 147.98018 258
2 116.44975 152.82094 269
1 381.074 147.67587 258
2 121.89644 155.56567 269
1 380.82745 147.00394 260
2 127.27574 157.3841 269
1 380.30298 147.07852 260
2 131.65213 157.3719 271
1 380.24597 147.21877 260
2 136.00308 157.47644 269
1 379.91922 147.78104 260
2 140.11751 158.09286 273
1 379.98538 147.82697 260
2 144.5711 158.00197 269
1 379.97562 147.89737 262
2 148.67328 157.72433 269
1 379.9011 148.1427 262
2 153.74864 156.24683 269
1 380.3215 147.87054 262
2 159.23923 156.04582 269
1 380.26984 148.71484 260
2 164.97746 153.45374 269
1 380.14084 148.01453 260
2 171.22253 152.28003 269
1 380.06656 148.19781 260
2 176.20381 152.75192 269
1 380.2262 148.0625 260
2 181.96472 150.7136 266
1 379.767 148.40146 262
2 187.81273 148.76547 266
1 379.4789 148.43869 262
2 193.65712 146.91771 266
1 379.80432 147.18393 262
2 199.76498 145.00444 264
1 379.5117 147.81796 260
2 205.0845 142.71332 264
1 379.30878 148.4194 262
2 211.6997 140.8612 264
1 379.10638 147.72537 262
2 217.72961 140.72836 266
1 379.0234 146.94055 260
2 224.13647 141.80408 266
1 378.67355 147.23544 262
2 229.30688 145.10324 269
1 378.4079 147.36575 262
2 233.05722 146.89307 269
1 378.4923 147.05142 262
2 236.61082 148.60452 266
1 378.2517 147.2007 260
2 240.17078 150.17883 266
1 377.7713 146.02786 260
2 242.90201 151.24948 264
1 377.85364 147.02313 260
2 246.17085 152.38776 264
1 377.4932 147.15668 260
2 249.13556 152.13916 264
1 377.80313 147.21774 260
2 252.11163 152.24152 266
1 377.3757 147.32634 260
2 255.7985 151.36447 266
1 377.19562 148.12982 260
2 259.09253 150.79738 266
1 377.37915 148.13913 260
2 261.47473 150.93008 266
1 376.8912 147.96072 260
2 264.2609 149.9912 266
1 376.64868 149.23773 260
2 267.66394 149.4575 266
1 376.3338 148.0184 260
2 270.70166 147.98679 266
1 376.08472 148.60292 260
2 273.50955 147.7125 264
1 375.8884 149.40979 260
2 276.66818 145.40527 262
1 375.81448 149.05101 260
2 278.74353 144.36319 262
1 375.80176 149.66263 260
2 281.73077 143.49902 262
1 375.85428 149.40546 260
2 284.17294 140.9463 260
1 375.83908 149.39119 260
2 285.91733 139.11021 260
1 375.53058 150.0877 260
2 287.4791 137.52682 260
1 375.75995 149.89175 260
2 288.637 136.06955 262
1 375.82977 150.59813 262
2 289.5838 137.06837 262
1 375.8905 150.21106 262
2 291.09387 138.15051 264
1 373.32846 153.05771 260
2 290.39523 135.0198 262
1 372.93546 153.71536 260
2 290.67993 135.60667 264
1 372.91528 153.28525 260
2 291.27267 136.15717 264
1 372.90848 153.80362 260
2 291.35654 136.49551 266
1 373.10745 153.48401 260
2 291.62292 136.91725 264
1 373.2343 152.7736 260
2 291.94083 137.18756 266
1 373.74396 153.38245 260
2 292.1419 138.4963 266
1 374.0007 153.53317 260
2 292.11148 137.7702 266
1 374.552 152.6008 260
2 292.9132 137.5885 266
1 374.57346 152.83287 260
2 293.31067 138.08783 266
1 375.11444 152.29604 262
2 293.62592 137.68837 266
1 375.6508 151.09329 260
2 293.63174 137.71992 266
1 376.47845 150.59138 262
2 293.85413 138.04184 269
1 376.9812 150.63641 262
2 293.83524 138.17815 269
1 377.52716 149.14053 260
2 293.89655 138.77072 269
1 378.0141 149.03036 262
2 293.73587 138.6997 269
1 378.78412 148.1666 262
2 293.73138 139.79774 269
1 378.58575 148.21194 262
2 293.52332 139.71066 269
1 378.7518 147.8111 262
2 293.11072 139.49152 269
1 378.84753 147.67981 262
2 293.012 139.10901 269
1 379.29932 146.95963 262
2 292.46704 139.39185 269
1 379.44284 147.64131 262
2 292.82394 138.30891 269
1 379.67932 146.47801 262
2 292.85638 138.125 269
1 379.6233 146.39246 262
2 292.87375 137.2303 269
1 380.10458 146.12082 262
2 292.78116 138.00604 269
1 380.2326 146.29852 262
2 293.41418 138.08484 269
1 380.40024 146.15628 262
2 293.42462 137.64986 271
1 380.79385 146.37012 262
2 293.44006 138.48969 271
1 380.31888 146.36586 262
2 293.5426 138.76773 271
1 380.7104 147.5149 262
2 293.8033 138.0109 271
1 380.5713 146.96123 262
2 293.79996 139.09245 269
1 380.97003 147.35712 262
2 293.74774 139.0256 269
1 380.83496 146.81345 262
2 294.09714 139.45593 269
1 381.31924 146.34412 262
2 294.27908 139.52667 269
1 381.12723 146.55493 262
2 294.76273 139.5578 269
1 381.60443 146.44795 262
2 294.53348 139.33075 269
1 381.62286 146.73589 262
2 294.92575 139.31555 269
1 381.61182 146.67126 262
2 294.93964 139.11725 269
1 381.71524 146.32832 262
2 294.84818 139.35974 269
1 381.85617 146.14438 262
2 295.1058 139.64099 269
1 381.85892 145.69458 262
2 295.28104 139.84988 269
1 382.36548 146.12325 262
2 295.34344 139.17126 269
1 382.11932 145.64337 262
2 295.50278 139.29173 269
1 381.7885 146.34561 262
2 295.1772 138.85757 269
1 381.90106 146.23862 262
2 295.845 140.35493 269
1 382.03745 145.90851 262
2 295.64734 140.0091 269
1 381.75262 146.35141 262
2 295.7536 140.30179 269
1 382.15393 146.59822 262
2 295.7305 140.03757 269
1 382.0907 146.27817 262
2 295.6515 140.01355 269
1 382.31027 146.44135 262
2 295.72366 140.46245 269
1 382.0933 146.03635 260
2 295.4704 139.15256 269
1 382.38165 146.50757 260
2 295.47418 139.86963 269
1 382.35214 146.71848 260
2 295.47128 139.08846 269
1 382.44177 146.68666 260
2 295.67523 139.53201 269
1 382.37247 146.58578 260
2 295.7908 139.57748 269
1 382.70358 146.8632 260
2 295.5217 139.29066 269
1 382.76645 147.41653 260
2 295.90222 140.44403 269
1 383.00128 146.64543 260
2 295.86862 139.78146 269
1 383.07852 146.54022 260
2 295.97058 139.3188 269
1 383.2939 146.72092 260
2 295.93152 139.15198 269
1 383.25507 147.5137 260
2 295.79437 139.12936 269
1 383.37674 147.79459 260
2 295.79483 138.29149 269
1 383.5359 147.37799 260
2 295.5946 139.19072 269
1 383.88168 147.3645 260
2 295.29004 138.2891 269
1 383.86038 148.22264 260
2 295.1884 138.96306 269
1 384.58493 147.55179 258
2 295.19006 138.63371 269
1 384.6006 148.13351 258
2 294.8512 138.92505 269
1 384.71106 148.41324 258
2 295.0055 139.00925 269
1 385.2597 148.05392 258
2 294.95102 138.68713 269
1 385.77136 148.4213 257
2 295.05133 138.75839 269
1 386.1945 148.4933 257
2 294.6737 139.26715 271
1 386.7187 149.04816 257
2 294.9296 138.71407 271
1 387.1415 149.38554 257
2 294.5944 138.87372 271
1 387.2421 149.00597 255
2 294.28397 138.98979 273
1 387.53467 149.61655 255
2 294.23154 138.94266 273
1 387.97906 150.79929 255
2 294.07422 139.55705 271
1 388.97528 150.33334 255
2 293.96838 139.25372 273
1 389.3655 150.15283 253
2 293.99014 138.30595 273
1 390.27463 150.40323 253
2 294.1865 139.36395 273
1 390.5304 150.89485 253
2 294.2745 138.8103 273
1 391.01855 150.56174 251
2 294.20276 138.8112 273
1 391.33908 151.37921 253
2 294.17538 138.54099 271
1 391.13794 151.60101 251
2 294.0729 138.33319 269
1 391.35828 151.54413 253
2 294.0637 137.41505 269
1 391.1889 151.89603 253
2 294.26974 137.31604 269
1 390.7073 151.77142 253
2 294.57184 136.2251 269
1 390.51437 151.88577 251
2 294.6807 137.1322 269
1 389.96432 152.46887 253
2 294.92407 138.62454 266
1 389.89578 152.59314 253
2 295.30597 137.82278 266
1 389.30692 152.66609 253
2 295.48062 136.83313 266
1 389.43213 152.34637 253
2 296.367 137.20007 264
1 389.56833 150.8251 253
2 296.7467 137.45282 264
1 389.69055 150.37769 253
2 297.11023 138.21414 264
1 389.72733 149.4575 255
2 297.31384 138.35889 262
1 390.3701 147.01648 257
2 297.30127 137.99136 260
1 389.3569 146.08736 257
2 297.8585 138.47018 260
1 388.39114 146.88928 258
2 298.06757 138.97162 260
1 386.8412 146.27576 258
2 298.05356 138.52371 258
1 385.7036 146.52887 260
2 298.46213 139.36783 257
1 384.96417 146.17883 262
2 298.95798 139.62718 257
1 383.71906 147.72935 262
2 299.23764 140.28192 257
1 382.94055 149.08742 264
2 299.66525 140.66776 253
1 381.44193 149.47098 266
2 300.28113 141.4177 253
1 380.5942 149.68988 269
2 300.43744 141.71158 251
1 377.16455 153.57895 269
2 298.62527 138.85419 251
1 376.11417 153.49127 271
2 298.53336 140.18909 251
1 374.77225 154.19608 271
2 298.44452 140.6073 251
1 373.95 153.5431 273
2 298.1417 141.18161 249
1 373.5716 154.39578 275
2 297.92303 140.11661 247
1 373.09775 154.14413 277
2 297.67355 141.49786 246
1 372.61432 153.66617 277
2 297.09885 142.10764 246
1 371.928 153.90585 279
2 296.70126 140.97125 244
1 371.36676 153.99847 279
2 295.88336 140.51852 244
1 370.59824 154.5224 282
2 295.32977 139.85416 244
1 370.75604 154.03558 284
2 294.94238 139.77365 244
1 369.90945 153.60806 284
2 294.34982 139.44595 244
1 369.76288 153.39093 286
2 294.03894 140.19342 244
1 369.71872 151.86102 286
2 293.88617 139.74129 244
1 370.29855 151.2792 286
2 293.33887 139.5005 242
1 370.8284 150.71826 286
2 292.91495 140.38565 242
1 372.05182 150.99036 286
2 293.0178 138.93375 242
1 372.69293 149.49043 286
2 293.03082 138.24918 242
1 373.44058 146.95612 286
2 292.6879 138.10709 242
1 373.14084 145.35815 286
2 293.0267 138.80118 242
1 373.29144 144.2733 286
2 292.89435 136.8891 242
1 373.2732 144.02563 286
2 292.51013 137.22208 244
1 373.57843 143.36801 289
2 292.92773 137.54913 244
1 373.44125 142.47478 291
2 292.8982 137.63245 244
1 374.19418 141.36401 291
2 293.07596 139.517 244
1 374.95447 140.79425 291
2 292.6472 140.49115 246
1 375.57425 137.75336 294
2 292.14114 141.65475 246
1 375.7841 136.18979 294
2 291.92538 142.46979 246
1 376.49927 135.23337 294
2 291.0303 141.14716 247
1 377.24634 133.1875 289
2 290.938 141.11052 249
1 377.9819 132.60327 289
2 290.30392 142.2219 249
1 378.90762 130.64984 289
2 289.72687 141.90466 251
1 379.32712 129.48608 289
2 289.0329 142.10959 253
1 381.0307 129.04861 286
2 287.7576 142.37643 257
1 382.33945 128.55652 284
2 287.0127 141.7252 258
1 383.97095 127.91679 282
2 286.32175 141.36371 260
1 386.01953 127.35085 279
2 285.17953 140.92377 262
1 388.4575 126.86919 279
2 284.27814 139.48907 266
1 390.75845 125.478935 273
2 283.20898 138.49521 266
1 391.8222 126.683815 271
2 282.90732 137.02603 269
1 392.4239 128.83868 266
2 282.4073 135.94197 266
1 392.8141 131.21912 262
2 282.23138 135.45525 266
1 392.40732 136.00534 257
2 281.32904 132.61598 271
1 392.2614 136.92172 253
2 280.8485 132.22908 273
1 392.62262 139.79733 251
2 281.07623 132.46892 275
1 392.80334 143.71362 251
2 280.47504 130.3924 279
1 393.85638 144.61243 247
2 279.83978 128.95425 282
1 395.13974 148.97134 246
2 279.51428 128.1922 282
1 397.5618 152.4451 239
2 278.86108 129.48578 282
1 398.66275 156.53482 234
2 277.9986 129.3819 282
1 401.03198 159.19379 229
2 277.18622 130.97705 282
1 403.6328 159.6058 226
2 276.63812 132.78702 279
1 406.3285 160.7056 225
2 276.0885 133.89224 282
1 409.80728 161.4426 222
2 276.2382 136.10931 282
1 412.00055 162.42932 222
2 276.44952 136.67535 284
1 415.16217 164.33664 222
2 276.85107 138.49629 284
1 418.77878 164.55405 222
2 276.9515 140.58363 284
1 420.98236 164.12994 220
2 277.07785 141.25797 284
1 423.04565 164.63278 219
2 277.86298 140.75488 284
1 423.8739 165.10043 218
2 278.78006 139.92279 284
1 422.7881 165.12817 216
2 280.14563 139.66867 286
1 422.21857 164.65298 216
2 281.6757 140.0102 286
1 420.73114 165.13373 216
2 283.2607 139.24356 286
1 419.0965 163.99667 215
2 284.02765 139.36716 286
1 417.8687 164.58531 215
2 285.51505 138.43335 289
1 417.54376 164.37357 212
2 286.44373 138.39282 291
1 417.53464 164.40959 212
2 287.16275 138.0613 294
1 416.9172 163.88394 211
2 287.70312 137.9881 294
1 416.5668 162.94821 211
2 288.46677 137.70996 294
1 415.85242 162.39969 211
2 289.20975 139.4234 294
1 415.3453 161.89183 211
2 289.57117 139.66168 296
1 415.2764 160.22665 211
2 290.00378 139.70609 296
1 414.32837 159.07693 211
2 289.92328 139.8645 296
1 413.3337 159.21725 212
2 289.8103 139.63611 294
1 412.24823 159.11784 214
2 289.13077 140.65665 294
1 411.60068 158.69536 214
2 288.907 142.4333 294
1 411.2278 157.48987 215
2 287.7877 140.27457 294
1 410.8471 156.19803 215
2 286.69827 140.19942 294
1 410.3305 155.39305 215
2 285.76007 139.26843 291
1 409.7225 154.65378 215
2 284.90277 139.97125 286
1 409.59833 153.84183 215
2 284.36252 138.91257 286
1 409.3317 152.46152 215
2 283.67828 137.88991 284
1 409.54218 150.84732 215
2 283.087 138.34637 282
1 409.3863 149.68414 215
2 282.07657 137.0799 282
1 409.29858 148.85823 215
2 281.31418 135.29541 284
1 409.02255 148.93057 215
2 280.74075 135.5068 284
1 410.31216 144.65497 216
2 280.05545 134.39725 282
1 410.4549 144.04333 216
2 279.02982 133.63965 279
1 410.6852 142.37543 219
2 278.5061 133.93538 279
1 410.8002 140.77222 222
2 277.70673 132.66112 279
1 411.03918 139.70128 222
2 276.8826 132.71423 279
1 411.58185 139.36484 220
2 276.3975 132.54678 279
1 412.34457 138.79059 220
2 275.8479 132.4682 277
1 412.85464 138.67503 220
2 275.3155 132.44827 277
1 413.87952 138.14188 222
2 274.3477 133.30966 275
1 414.0951 138.0326 223
2 273.4712 133.27304 275
1 414.72165 137.18347 225
2 272.65347 132.81004 273
1 414.61356 135.86407 228
2 271.66208 132.83331 269
1 414.1448 134.45926 229
2 270.5992 133.55328 269
1 413.24722 134.40088 231
2 269.2569 133.77022 264
1 412.91388 133.74438 234
2 268.46695 133.8793 262
1 411.8623 134.29051 235
2 267.48227 134.57457 260
1 411.4512 133.36554 239
2 266.68655 135.9491 258
1 411.14368 132.4498 242
2 265.4419 137.08945 255
1 410.63684 131.56497 246
2 263.92917 138.70157 251
1 409.9453 130.38806 251
2 262.60095 139.72435 246
1 409.42307 129.25095 255
2 261.51532 138.82816 240
1 408.23654 128.87466 257
2 260.86758 138.1601 237
1 406.98297 129.02112 260
2 260.1139 137.0393 232
1 405.85254 129.23877 262
2 259.2501 136.56946 231
1 404.7482 129.6404 264
2 259.05157 135.71674 228
1 403.91977 129.61296 269
2 258.74765 135.82306 225
1 402.8266 129.99916 271
2 258.76974 135.46457 223
1 401.70898 130.24045 271
2 258.50818 135.90376 220
1 400.06857 129.9226 273
2 258.90048 137.06047 219
1 398.52136 129.13918 277
2 259.13098 138.41083 215
1 396.92676 128.54102 279
2 259.8542 140.86482 212
1 394.99704 128.27086 282
2 260.15497 143.6463 210
1 393.58224 127.46855 286
2 260.7114 145.6674 207
1 391.94904 126.3021 289
2 261.1562 148.01395 199
1 390.19864 125.073364 296
2 261.98343 149.69055 194
1 388.8287 126.31504 299
2 262.56628 151.33102 190
1 386.9314 126.923515 301
2 262.79083 152.22675 186
1 385.37396 125.39583 310
2 263.19778 152.8672 182
1 383.75363 125.15109 315
2 263.4889 152.61848 178
1 382.1917 124.401054 318
2 264.65762 152.90244 175
1 380.89685 124.4433 321
2 265.1527 151.55316 171
1 379.7268 124.10836 321
2 266.35757 148.78027 168
1 379.1382 124.53758 327
2 267.30573 148.25708 165
1 379.33847 124.15621 330
2 267.98444 148.1569 163
1 379.37076 126.745926 334
2 268.47833 150.07161 161
1 379.34195 128.77913 337
2 267.74988 153.11307 160
1 378.91406 130.781 340
2 265.24905 157.60187 158
1 377.63937 132.60428 344
2 262.8975 161.61897 158
1 376.66763 134.68408 347
2 259.09683 164.93983 158
1 375.19894 135.6117 347
2 255.63493 167.42047 156
1 373.99512 137.6248 351
2 250.8916 170.46652 153
1 372.64188 135.94759 354
2 246.41945 173.10458 143
1 371.72284 138.49008 358
2 241.5224 175.75143 139
1 369.89594 138.02171 362
2 235.39214 177.63461 136
1 367.87244 139.24866 362
2 228.54831 182.85507 132
1 365.6925 139.74649 369
2 220.8483 186.91565 121
1 363.14548 140.13211 373
2 211.58566 190.58313 116
1 361.80862 139.69794 377
2 203.3724 190.97876 112
1 360.02768 140.45984 377
2 197.44373 191.48883 109
1 358.99387 139.48021 377
2 192.57275 192.27408 107
1 357.5866 138.80727 382
2 189.68361 195.10738 106
1 357.11295 139.87436 382
2 188.94266 196.79431 104
1 357.00134 139.82224 386
2 189.30402 204.93727 103
1 358.5197 141.7308 390
2 191.68906 212.63971 101
1 362.58832 136.34492 395
2 196.40584 219.23251 102
1 369.27832 126.97671 395
2 204.319 221.44681 101
1 375.89008 108.601395 395
2 215.56517 224.19739 104
1 379.2183 62.4487 395
2 226.55304 227.70663 102
2 239.06511 231.37277 86
2 255.22528 236.36586 85
2 277.50165 238.8209 82
2 301.75266 237.48141 77
2 328.008 235.10956 76
2 352.02094 235.88359 74
2 377.71066 237.37535 75
2 398.42343 238.02753 0
2 414.7589 247.10632 52
2 429.51794 262.87823 48
2 451.36423 264.09515 46
1 349.5777 148.77357 419
2 476.667 244.54506 47
1 357.13416 135.30779 429
2 510.92465 267.58524 62
1 358.01004 133.581 429
2 537.93463 235.67097 64
1 359.57297 134.20566 429
2 553.56464 226.83032 63
1 361.32016 134.0753 429
2 558.9462 238.90231 62
1 362.69742 132.15834 429
2 564.49713 250.72623 62
1 364.36035 129.86555 429
2 571.44275 267.2822 60
1 366.4922 131.72464 429
2 576.778 290.28046 58
1 367.91068 131.66412 429
2 583.92065 312.77527 58
1 369.02075 131.89084 435
2 587.90906 331.4086 67
1 373.27722 133.03918 435
2 593.41174 327.09814 66
1 376.75635 136.0448 435
2 607.44855 319.79956 65
1 380.5817 138.82506 435
2 619.1296 306.19952 71
1 384.53314 143.23288 435
1 388.25366 149.28647 440
1 391.9016 152.7757 446
1 394.02045 153.99905 452
1 394.98865 150.87114 452
1 395.2509 150.0035 452
1 394.94995 147.52005 452
1 394.36432 145.96213 446
1 393.56207 146.65674 452
1 392.28064 147.69713 452
1 390.35004 147.50183 452
1 388.7864 149.25717 452
1 385.50897 150.34126 452
1 382.75284 153.09424 452
1 378.805 155.90515 452
1 374.58932 158.66763 452
1 368.9644 161.123 452
1 363.6782 163.21417 452
1 358.53876 163.88141 452
1 353.09027 163.88976 440
1 346.6866 161.7849 440
1 341.34634 161.93814 435
1 335.4097 161.2168 435
1 329.5239 160.48535 429
1 323.49258 157.03212 429
1 316.9989 154.03064 424
1 308.90326 152.13582 424
1 300.12292 148.99518 424
1 290.38596 150.62663 424
1 281.34076 152.9118 424
1 271.8288 155.24103 424
1 264.07562 155.96036 424
1 256.68085 155.41867 419
1 249.19733 155.50511 424
1 243.3783 154.93936 424
1 236.82259 154.82631 424
1 230.76373 155.37769 424
1 224.1599 155.83472 429
1 217.93744 153.0336 424
1 211.75975 150.77861 429
1 204.72672 147.66306 424
1 198.52145 144.84918 424
1 190.95183 143.63977 424
1 185.11624 140.10556 424
1 178.44911 138.72885 424
1 172.04848 138.57617 424
1 165.15067 136.20279 424
1 160.21152 137.77994 424
1 155.37364 139.23431 424
1 149.5426 142.54535 429
1 144.59247 144.2849 424
1 139.13286 147.14214 429
1 132.78925 148.26927 424
1 127.484375 150.32043 424
1 121.552765 149.42697 424
1 116.33664 149.90579 424
1 111.138855 148.85931 414
1 106.121765 147.17035 409
1 100.85025 141.80219 409
1 95.92001 137.38098 404
1 91.08946 131.72281 404
1 86.844055 127.77663 399
1 81.54607 126.7292 399
1 75.6649 127.72593 395
1 72.06787 129.33041 390
1 67.8289 128.54602 386
1 63.686096 132.09702 386
1 59.55258 131.07457 377
1 54.062073 131.34889 373
1 49.999237 130.68726 369
1 46.240723 129.02145 362
1 42.36554 129.7406 358
1 38.780823 129.47662 358
1 36.161987 127.93384 354
1 34.884674 126.23443 354
1 33.244995 124.573456 354
1 32.009583 124.46669 347
1 31.563873 124.995094 347
1 30.809906 126.610016 344
1 30.855377 127.409325 340
1 31.155579 126.73417 340
1 31.282196 129.78656 337
1 31.611725 131.02756 334
1 31.979553 132.53421 330
1 32.430603 133.19916 327
1 32.668518 134.51648 321
1 33.75467 134.2395 312
1 35.044098 133.63583 307
1 35.56659 134.3855 304
2 605.7199 191.81502 315
1 36.819 132.28807 299
2 606.0785 174.21143 315
1 37.66388 132.56107 296
2 605.8535 162.09998 310
1 37.661987 131.22151 294
2 604.9914 153.71155 310
1 38.751617 132.04327 291
2 604.8002 142.01535 299
1 42.719543 137.07683 289
2 602.32117 139.24704 294
1 47.597046 142.57733 294
2 599.3818 143.8233 294
1 53.0278 147.31621 294
2 594.2815 137.83899 291
1 57.486725 151.12436 294
2 586.46326 133.3385 294
1 63.407867 153.18587 294
2 577.42017 134.50934 294
1 69.474045 156.39847 294
2 570.1399 136.01683 296
1 77.39111 157.2674 294
2 563.7051 137.84567 296
1 83.04927 159.26877 289
2 557.4797 137.27411 296
1 89.30565 158.43523 286
2 551.8568 138.60416 296
1 95.53122 160.69064 284
2 546.2708 138.58112 294
1 103.44867 161.2417 282
2 540.226 138.26564 291
1 110.8466 161.74084 279
2 532.98096 138.95163 291
1 118.36011 161.2557 277
2 526.85706 139.43983 289
1 125.84601 160.62363 275
2 518.73553 139.88547 289
1 133.53075 159.3225 275
2 511.72253 140.41147 289
1 142.04068 157.18758 275
2 503.56546 139.2275 286
1 151.12653 154.26294 275
2 496.22992 138.34106 286
1 160.52843 150.3571 277
2 490.07013 138.93636 286
1 170.12288 147.17107 279
2 484.00403 142.78087 289
1 177.39166 146.65564 277
2 476.72046 147.4896 289
1 185.35626 151.62555 275
2 469.84088 152.55434 289
1 190.31575 153.36742 277
2 463.42365 154.2445 289
1 194.68558 155.77292 279
2 456.8692 154.02727 291
1 198.38557 157.21788 284
2 451.0912 153.97809 294
1 202.70273 157.36899 284
2 444.76776 151.763 291
1 207.54782 157.90585 284
2 439.22015 152.1055 289
1 212.99716 159.22266 284
2 432.73 151.60835 289
1 217.99646 158.76114 284
2 426.47028 152.68448 291
1 224.48865 157.75507 282
2 419.1154 151.24179 289
1 230.79892 155.72049 279
2 412.93918 152.0804 286
1 235.70505 155.0546 279
2 406.0954 150.58505 286
1 241.32068 151.99991 277
2 399.4029 152.64548 286
1 246.84938 149.21956 277
2 393.85535 148.88492 286
1 250.65439 147.48724 277
2 387.81818 147.60117 289
1 254.07251 146.93225 279
2 382.46915 144.96527 286
1 256.68277 144.88327 279
2 377.00928 141.56473 286
1 257.5773 142.25719 284
2 372.76013 138.38171 286
1 258.9278 140.2474 284
2 367.94052 140.08478 289
1 259.7757 138.64409 284
2 364.5144 142.54909 289
1 261.8242 136.70505 284
2 361.3891 144.14783 289
1 264.34036 135.1417 286
2 359.16412 145.60535 286
1 266.15454 134.21146 286
2 356.98248 146.7297 286
1 267.2438 135.69571 286
2 355.55695 146.2276 286
1 268.19305 136.71437 289
2 354.45407 147.28787 286
1 268.13913 139.63196 291
2 352.73843 146.90463 286
1 268.6816 141.14832 291
2 351.50824 146.79355 286
1 268.93698 142.26033 294
2 350.19998 145.32802 286
1 268.82245 142.81409 291
2 348.24387 143.1448 286
1 268.96637 145.01227 291
2 347.20456 142.1095 284
1 269.34808 145.20117 291
2 345.89273 140.06995 284
1 269.32776 145.38643 291
2 344.49115 139.42548 282
1 269.85797 146.33661 291
2 343.52145 138.06912 282
1 269.31726 146.63676 291
2 342.6163 136.61523 282
1 269.22046 148.29935 289
2 342.05695 134.80591 279
1 269.29028 148.24753 286
2 341.57898 134.32655 279
1 269.72284 148.71576 286
2 341.03738 133.6715 279
1 269.84213 148.48154 286
2 340.72214 133.13689 279
1 269.92697 148.49492 286
2 340.44275 134.10672 282
1 269.72845 149.50955 286
2 340.37012 133.74435 282
1 270.38486 149.03458 286
2 340.49924 133.98177 282
1 271.03528 149.65108 286
2 340.71738 133.47858 282
1 271.62674 149.43286 289
2 341.1271 134.12302 279
1 272.52756 148.97194 289
2 341.64926 134.9526 282
1 272.9674 148.61183 289
2 341.9681 134.96948 282
1 273.4278 148.15869 289
2 342.64157 134.71219 282
1 273.96866 147.4888 289
2 343.1447 134.94034 282
1 273.99457 147.1423 289
2 343.74094 135.30704 282
1 274.39102 146.25336 286
2 343.92917 136.05939 282
1 274.53903 145.68408 286
2 344.3801 135.00438 282
1 274.33502 145.28047 286
2 344.28146 135.35678 284
1 274.3376 144.91302 286
2 344.54004 135.60681 282
1 273.9161 144.30118 286
2 344.91724 135.85983 284
1 273.83456 144.59183 286
2 345.06668 136.90164 284
1 273.9179 144.81625 286
2 345.21887 136.85995 284
1 274.10797 144.91446 286
2 345.10156 137.92935 284
1 274.40646 144.6301 286
2 345.48123 137.28934 284
1 274.43173 145.04489 286
2 344.97687 137.41095 284
1 274.5796 145.32292 286
2 344.9464 137.38324 284
1 274.3396 144.9109 286
2 344.9445 137.0087 284
1 274.32547 145.2215 286
2 344.5237 137.85052 284
1 273.9305 144.4437 289
2 344.4097 138.36531 284
1 273.767 144.77591 289
2 344.44937 137.236 284
1 273.45972 143.98297 291
2 343.84155 136.42575 284
1 272.82013 144.28555 291
2 343.52444 136.53719 286
1 272.79135 144.86507 291
2 343.32016 136.75845 286
1 272.52087 144.5505 291
2 342.9085 137.54568 286
1 272.50168 145.25424 294
2 342.2349 137.9794 286
1 272.575 143.64255 294
2 341.2641 138.79333 286
1 272.2102 144.17831 294
2 340.38168 140.58229 284
1 272.5954 145.1426 296
2 341.04742 138.12085 284
1 271.3541 142.20561 296
2 340.1886 141.13947 284
1 271.1198 142.07565 296
2 339.94424 140.44275 282
1 270.9229 141.48 296
2 339.9615 140.29189 279
1 270.94385 139.57947 294
2 339.65982 140.96788 277
1 271.04572 138.83658 294
2 339.24536 142.0679 277
1 270.61462 137.85971 291
2 339.3707 141.0499 277
1 270.46045 137.29123 291
2 339.74673 139.7778 273
1 269.90985 135.40411 286
2 340.14624 139.95517 271
1 269.3243 133.49716 286
2 340.64465 140.73904 269
1 268.26746 132.21661 284
2 339.61526 142.19337 269
1 268.5206 132.81137 282
2 340.5275 141.85495 269
1 269.58597 134.5591 279
2 341.4498 145.13196 264
1 270.39868 139.95078 277
2 342.71738 145.33841 262
1 270.1629 140.70497 277
2 344.1839 143.46376 262
1 269.93997 143.74518 275
2 345.03348 144.35318 260
1 269.11957 146.90024 273
2 345.98557 144.60725 260
1 269.28632 150.2379 269
2 347.74704 142.84006 258
1 268.62106 151.66219 266
2 348.55768 141.57019 260
1 268.06747 152.41376 262
2 349.91745 140.90894 258
1 267.99066 153.87375 260
2 350.61588 139.76273 258
1 267.8885 155.56693 258
2 351.38272 140.21477 258
1 267.04224 155.81693 258
2 352.09753 138.49191 255
1 266.0031 158.12454 258
2 352.60565 137.7741 257
1 263.8801 157.62497 258
2 352.32086 137.87723 255
1 261.94385 156.17221 260
2 352.09915 138.09254 255
1 259.99026 153.93254 260
2 352.1452 137.78749 257
1 259.06604 153.69937 260
2 352.2149 136.87119 257
1 258.8458 153.61429 258
2 352.43195 137.93231 257
1 258.61343 153.14282 258
2 352.51376 137.55313 258
1 259.17947 152.01295 258
2 352.99973 137.96048 260
1 259.41113 151.28697 258
2 353.6172 137.3421 262
1 260.00726 148.5769 260
2 354.6121 137.87573 266
1 260.12408 147.76077 260
2 354.28217 135.34366 271
1 260.73367 145.94371 264
2 354.90726 131.8937 273
1 260.30356 144.67514 266
2 355.43344 129.4529 277
1 259.74707 142.91258 269
2 355.2427 128.16849 279
1 259.6207 142.46605 269
2 357.32574 127.02837 279
1 259.3947 139.36423 269
2 358.49118 125.92688 284
1 259.3498 135.65057 275
2 360.13934 124.502426 286
1 259.44208 132.71632 286
2 361.555 123.97916 286
1 258.88748 130.77914 294
2 362.93042 125.225945 289
1 259.4227 127.069725 296
2 365.53473 127.14079 291
1 260.21265 126.02106 296
2 367.77023 129.71342 291
1 259.6038 126.27519 296
2 369.55222 133.57285 289
1 260.18622 127.71604 304
2 371.08716 136.29594 291
1 260.6699 129.36264 304
2 373.17798 138.9965 294
1 262.1293 130.24258 307
2 374.80127 140.65558 296
1 263.34903 131.49026 307
2 376.34943 141.99997 296
1 265.19073 132.75336 307
2 377.04102 143.82332 299
1 265.64832 133.42181 307
2 377.60052 144.01001 299
1 266.27768 133.98703 310
2 377.02316 144.82474 301
1 266.97513 135.76532 315
2 376.31424 145.00304 304
1 267.30118 137.11401 318
2 375.49258 144.65276 307
1 267.54697 137.4774 318
2 374.77368 144.26389 307
1 268.1923 139.22302 324
2 373.53583 142.88414 307
1 268.80804 139.57565 324
2 372.0764 140.15802 310
1 268.88092 138.84174 324
2 371.22025 137.99295 310
1 268.5963 137.72969 324
2 370.36548 136.55026 315
1 268.19974 137.74026 327
2 369.3413 137.27484 312
1 268.25772 137.62091 327
2 369.24783 138.84665 315
1 268.1484 139.83865 330
2 368.83734 138.03146 315
1 268.20816 139.6629 330
2 368.8488 137.46011 318
1 269.15097 142.48653 330
2 368.23596 138.89124 318
1 269.8028 143.46292 330
2 367.43665 139.39944 318
1 270.28375 143.72101 330
2 367.1231 138.81587 312
1 270.88156 142.20734 330
2 366.94702 135.90677 307
1 270.6455 142.07791 330
2 366.54227 133.65607 301
1 270.48248 139.31525 327
2 366.91998 133.23453 301
1 270.24838 139.33942 327
2 366.62585 130.73566 307
1 269.99387 137.90524 327
2 365.94678 128.98169 310
1 269.73853 138.41685 327
2 365.63516 126.98621 307
1 269.73883 137.95877 327
2 365.15118 126.01846 307
1 269.25006 136.75592 327
2 364.18085 125.80519 301
1 269.01666 133.48108 324
2 363.88202 122.85504 301
1 268.52063 130.74005 324
2 364.093 124.410545 301
1 268.01718 127.95199 321
2 363.76297 125.72135 301
1 267.70676 128.36224 318
2 363.73923 126.23466 299
1 266.71945 127.30008 315
2 364.05725 127.13615 299
1 265.67197 126.19912 315
2 364.1004 127.78074 299
1 264.44608 125.981476 312
2 364.85858 129.17432 299
1 263.28284 125.59352 307
2 366.01425 130.18018 296
1 262.9286 125.72099 304
2 366.76123 131.40303 296
1 261.51672 125.74682 304
2 366.36383 132.44846 294
1 260.3875 125.88835 299
2 366.3998 133.58511 291
1 258.85684 125.57349 296
2 366.13025 134.724 291
1 257.22528 126.06813 294
2 366.12695 135.18118 289
1 255.80191 127.50309 291
2 366.479 135.71397 289
1 253.48306 129.09396 286
2 366.35382 136.8696 286
1 251.58292 132.015 282
2 366.79913 136.51321 282
1 249.4042 133.90858 277
2 36