2 263.8845 264.9673 470
1 462.1473 262.2635 440 
2 254.6222 267.0139 470 
1 459.9124 260.0514 446 
2 245.2172 261.6537 464 
1 455.9238 265.5188 452 
2 240.8580 261.1798 458 
1 453.9793 264.4003 452 
2 233.7227 260.1551 458 
1 454.4988 268.4500 452 
2 224.1622 260.5740 458 
1 455.1336 269.5533 452 
2 217.3732 260.2938 458 
1 456.0077 267.5883 446 
2 211.7421 261.8918 452 
1 461.2738 267.5471 435 
2 201.7947 262.1359 452 
1 468.1969 267.8315 429 
2 187.0616 258.6885 446 
1 471.4301 274.5713 424 
2 178.1096 259.7866 440 
1 471.9835 276.5347 419 
2 172.0377 263.1317 440 
1 471.0614 270.7353 424 
2 160.7772 262.8436 440 
1 469.6431 278.4997 424 
2 152.3796 263.3759 435 
1 463.5502 277.6125 429 
2 142.9274 266.0444 435 
1 458.9573 272.2264 435 
2 136.3167 269.2908 435 
1 450.6114 267.9729 452 
2 119.9025 268.0506 435 
1 442.4916 270.2695 458 
2 108.2474 268.1483 429 
1 436.2788 265.1269 477 
2 98.7218 263.0698 424 
1 434.6797 262.7773 470 
2 93.3553 260.9618 424 
1 435.6261 260.5758 477 
2 83.0729 263.4857 419 
1 436.4858 264.0107 477 
2 74.7713 263.2946 419 
1 438.3705 263.4320 483 
2 65.1796 267.8093 419 
1 437.4249 267.6794 483 
2 58.1542 270.8985 404 
1 436.5618 267.7274 483 
2 46.8961 269.3394 399 
1 435.7957 268.8499 477 
2 32.1321 267.1013 386 
1 432.4030 271.2138 477 
2 22.3422 265.7975 382 
1 429.5357 271.0303 470 
2 18.9629 264.0773 377 
1 425.4307 273.3482 464 
2 13.7119 265.5677 369 
1 420.0358 279.4990 458 
2 9.8745 267.7908 369 
1 418.1815 277.9728 452 
2 6.0908 271.8386 377 
1 413.3676 274.8856 440 
1 406.8653 276.0876 440 
1 399.7303 273.5609 440 
1 390.3686 275.6353 446 
1 377.4374 275.7972 446 
1 362.9966 272.8414 452 
1 353.4537 276.9889 458 
1 349.4433 275.8702 458 
1 346.9017 276.2576 464 
1 351.1540 274.4655 458 
1 359.9023 273.0993 464 
1 368.7621 271.3030 464 
1 382.1117 270.7970 464 
1 400.1794 272.2518 477 
1 413.4656 276.7590 490 
1 421.8242 274.3973 483 
1 434.7077 270.1179 483 
1 453.2799 265.7591 483 
1 468.9966 268.0813 490 
1 475.5286 272.2231 483 
1 484.0319 272.0946 483 
1 489.5053 266.7117 490 
1 490.4655 262.2945 497 
1 492.8644 258.5319 497 
1 494.4943 260.8106 490 
1 494.5286 268.1404 490 
1 492.3251 268.4603 490 
1 490.5724 265.5239 490 
1 487.5267 264.3167 490 
1 480.2733 261.8510 483 
1 475.3209 262.9565 470 
1 472.2493 269.7467 470 
1 465.0190 264.4785 464 
1 455.5297 262.7978 477 
1 449.2219 258.9062 470 
1 442.1398 264.8633 464 
1 430.5631 260.6585 452 
1 414.1669 261.9850 452 
1 405.1111 263.8709 452 
1 391.3890 264.6958 452 
1 374.2112 264.6008 458 
1 351.4822 264.9638 452 
1 343.3186 266.9154 446 
1 324.4093 268.4423 452 
1 308.1736 264.8229 458 
1 286.2226 262.7605 446 
1 273.1591 264.0440 440 
1 256.8939 262.8995 429 
1 246.0295 262.0875 424 
1 231.9364 253.2787 409 
1 223.7383 251.5271 404 
1 207.1131 253.5352 390 
1 191.1520 255.6360 377 
1 181.0844 250.0320 369 
1 178.7999 245.2871 362 
1 175.9896 242.4931 351 
1 172.2439 246.9660 340 
1 162.7186 252.7721 327 
1 158.7578 249.2227 321 
1 149.8878 246.3030 312 
1 144.2786 245.6595 307 
1 131.2315 245.3107 291 
1 121.5470 244.0764 282 
1 103.9063 243.4867 269 
1 88.0350 244.7557 258 
1 73.6874 238.5067 246 
1 66.4604 234.3458 239 