2 304.58548 185.794 98
2 319.34055 187.05443 97
2 331.61917 187.82133 92
2 347.42587 185.95216 91
2 363.19122 185.53879 91
2 382.06454 184.71289 92
2 401.03793 183.45244 93
2 420.60016 181.85431 93
2 438.60727 182.23683 92
2 458.25385 182.31116 91
2 478.3056 182.52325 90
2 494.9634 186.58527 89
2 509.38916 184.80455 88
2 521.29395 184.70099 87
2 533.2919 183.72198 87
2 545.33636 182.49352 89
2 557.8831 180.84732 91
2 568.735 183.06958 93
2 576.331 191.2895 96
2 582.95154 201.26875 99
2 589.0244 220.1945 102
2 595.04944 242.51741 112
2 602.3533 272.37222 108
2 612.16736 287.25122 104
2 600.5691 152.38615 273
2 599.1792 146.1673 264
2 597.5655 142.68607 266
2 595.8684 138.60188 264
2 593.7979 134.92068 258
2 592.0631 132.81763 257
2 589.6145 130.48462 257
2 586.4353 126.505325 257
2 581.40125 129.1707 257
2 573.33545 132.2432 257
2 564.66754 133.89099 257
2 555.29865 133.04764 257
2 546.69556 134.64621 257
2 539.2828 133.93262 255
2 533.1195 135.2749 253
2 525.58905 136.77179 253
2 518.3436 137.04855 255
2 511.95398 134.84698 253
2 504.7771 134.23276 253
2 496.55707 133.72267 253
2 488.5886 131.9535 253
2 479.81378 131.47879 253
2 470.82654 130.80399 255
2 462.74768 131.39017 253
2 453.98367 130.70181 253
2 445.08545 132.56375 249
2 437.13 134.36629 249
2 429.42252 137.53662 251
2 421.89496 138.66547 253
2 414.70334 141.03247 253
2 407.8964 143.52097 253
2 402.06952 144.88148 253
2 395.88232 145.5734 253
2 388.3319 145.58807 255
2 380.80716 146.66838 255
2 374.4486 145.52255 255
2 367.26068 144.25082 255
2 359.66348 141.19778 255
2 352.96967 140.68489 257
2 343.85345 135.18048 258
2 337.80795 135.67444 258
2 330.27014 135.76245 260
2 324.56793 136.6397 260
2 316.46722 136.7495 258
2 259.31628 127.586205 262
2 251.78636 125.5399 262
2 243.8822 122.58907 260
2 227.24545 118.85688 264
2 219.6008 117.38879 260
2 210.54028 114.609566 260
2 201.88904 111.956985 258
2 195.43655 118.814804 260
2 189.50487 123.76319 260
2 183.03517 127.56927 262
2 174.55602 132.7908 262
2 166.43613 135.36847 264
2 158.26422 138.28369 262
2 149.71585 137.02069 260
2 141.4903 136.76706 260
2 134.97209 137.70914 260
2 129.28552 140.1907 262
2 123.76961 139.84885 260
2 117.43594 141.06058 264
2 111.73064 141.12683 264
2 106.0437 140.01279 266
2 99.6573 140.38141 264
2 93.177 138.56277 266
2 86.53525 136.68549 269
2 80.04114 134.92911 273
2 73.320724 132.55112 275
2 67.5909 132.035 275
2 60.45996 130.1625 275
2 55.62436 131.35658 275
2 50.04077 135.11758 277
2 45.783417 134.86264 277
2 43.35898 134.14008 279
2 40.589966 133.92119 277
2 37.906036 138.28232 279
2 35.750732 141.97389 279
2 33.000153 144.0226 282
2 30.380829 145.71274 279
2 28.117401 153.17203 284
2 25.152405 156.3929 286
2 24.097046 165.59784 284
2 22.825684 179.35318 284
2 19.682251 183.88464 284
2 17.939362 191.92892 286
2 15.653931 197.411 284
2 12.288818 203.66476 284
2 10.272705 204.90924 291
2 6.695648 209.85551 294
2 2.6739807 218.72044 296
2 18.478302 133.55392 291
2 28.941864 138.96228 289
2 33.984222 137.32571 289
2 38.599518 139.354 286
2 42.651917 137.55688 284
2 46.573425 138.54822 284
2 51.386383 140.07834 284
2 57.092194 141.28296 286
2 61.91562 140.36984 289
2 68.15437 138.06212 289
2 74.2735 136.90652 286
2 80.891556 134.8425 286
2 87.820114 135.25368 286
2 93.6138 132.5874 286
2 100.10086 131.93204 289
2 107.13063 132.16241 289
2 113.88486 131.74745 286
2 121.37714 132.7475 289
2 128.51758 134.5011 289
2 135.44812 137.94247 291
2 143.07227 138.3349 296
2 151.36934 139.4957 304
2 158.24779 140.84724 301
2 164.61118 141.47551 304
2 169.97139 141.62068 301
2 175.40721 142.06934 304
2 186.07103 138.76743 296
2 192.55899 136.66632 296
2 198.93536 134.58682 296
2 205.18018 134.09464 294
2 211.34473 132.44507 294
2 218.75131 131.04922 294
2 225.48805 130.86275 294
2 231.5658 131.12955 291
2 237.89641 130.93356 294
2 244.12955 133.4866 294
2 250.53403 136.31139 291
2 259.1006 138.88467 294
2 266.49374 141.23708 294
2 274.04477 140.57817 299
2 280.68253 140.9621 296
2 285.5851 142.14893 296
2 290.92267 142.94102 299
2 296.21744 143.89789 301
2 301.82504 143.12479 301
2 308.45972 141.88913 296
2 314.50235 140.63174 301
2 319.8986 136.76431 299
2 325.95834 135.63245 299
2 331.42612 133.61542 299
2 336.9847 132.54123 296
2 342.01147 131.88348 296
2 347.82312 130.08685 294
2 353.65857 129.78197 291
2 359.7106 129.2894 286
2 366.71674 130.34726 289
2 374.01492 133.90356 296
2 381.65488 135.08456 291
2 388.2019 136.31442 294
2 394.255 137.91718 301
2 399.39136 139.09546 299
2 404.7483 139.65906 299
2 410.25305 141.13724 299
2 415.47388 139.89026 299
2 421.53867 138.29422 299
2 427.1795 137.05667 296
2 433.22665 134.17917 294
2 439.44003 131.4207 289
2 445.3895 130.02138 289
2 452.5956 127.77021 289
2 459.75256 128.99036 289
2 466.1896 128.42462 289
2 472.79114 128.74243 289
2 479.22955 132.7336 289
2 485.85437 132.68953 289
2 493.95572 135.5001 289
2 501.75775 137.61493 289
2 509.5777 136.85664 289
2 515.58746 138.83507 289
2 521.6611 140.50668 289
2 527.4159 141.56973 289
2 533.4465 140.8322 289
2 539.5408 139.6995 291
2 545.6278 136.80865 291
2 551.85266 134.59015 289
2 557.9193 133.1801 286
2 564.47144 132.7226 284
2 576.0797 132.17705 282
2 580.7211 129.98853 282
2 585.26355 130.8916 282
2 589.87604 129.53511 282
2 593.93713 125.60211 282
2 596.6857 126.79031 282
2 599.58203 126.927864 279
2 603.2679 128.37613 282
2 606.12537 129.86974 279
2 608.5043 134.23793 282
2 610.4411 138.86995 284
2 612.91956 141.64731 289
2 615.0309 144.67902 291
2 618.1451 146.59363 294
2 619.66736 157.42966 0
2 620.29126 170.08951 0
2 620.8814 200.4903 291
2 624.2515 216.95114 282
2 625.1559 220.08311 284
2 612.64514 118.45306 279
2 613.5044 125.63302 282
2 611.4587 121.78108 275
2 609.62665 121.765625 279
2 605.8194 122.457794 279
2 603.86804 125.69788 279
2 601.9977 125.56033 279
2 599.27954 127.99574 275
2 595.51044 130.8125 277
2 593.0143 130.94879 277
2 589.7058 128.81418 279
2 586.2268 131.25842 277
2 581.1738 133.99287 277
2 577.6987 136.1546 277
2 573.8068 138.76291 273
2 568.1004 137.97742 271
2 562.87836 137.11615 269
2 557.57947 137.42496 264
2 553.82666 137.1727 262
2 550.24817 137.91881 269
2 544.89954 137.7714 269
2 540.5105 137.73544 269
2 536.29846 136.87506 264
2 530.5508 135.60136 262
2 522.5917 138.23051 260
2 513.89435 139.6991 262
2 506.59576 138.63803 262
2 500.89343 134.8673 260
2 494.32703 133.02449 260
2 488.08368 132.83041 262
2 482.24597 133.1922 262
2 476.6958 134.33707 262
2 471.6377 133.6386 262
2 465.48718 134.59976 262
2 461.07727 134.85419 260
2 454.23917 133.6004 260
2 449.38004 130.95111 260
2 444.4083 129.15802 260
2 439.78128 126.42892 262
2 433.33276 126.00614 262
2 429.54242 122.8378 262
2 422.70468 124.510315 260
2 416.76498 126.07353 260
2 410.16898 127.941246 262
2 402.73428 133.05678 264
2 390.21286 142.51779 266
2 385.788 141.55847 266
2 378.39087 142.82747 260
2 371.73544 139.7334 275
2 365.84665 139.53452 271
2 360.41837 138.62268 271
2 355.40314 139.02908 271
2 350.67783 139.24786 271
2 344.7228 138.32616 271
2 340.4098 139.49094 271
2 335.69543 140.15579 271
2 331.50873 142.23123 271
2 326.42438 141.88824 273
2 324.5187 133.16269 275
2 315.41077 135.0622 271
2 307.67444 136.96796 271
2 303.92328 134.83517 269
2 299.5926 133.02737 266
2 294.91458 131.4076 266
2 290.19138 130.94684 269
2 284.53568 129.0976 269
2 279.1961 128.17404 271
2 273.61234 128.26219 271
2 267.59982 129.75494 271
2 261.81512 131.99817 271
2 255.48907 132.00552 271
2 250.13608 133.38037 269
2 242.30275 134.23035 269
2 235.96503 133.69957 266
2 229.15576 133.57025 269
2 222.27573 131.05124 266
2 216.0521 129.20985 266
2 207.72365 132.14731 269
2 203.80688 129.79376 266
2 199.87234 129.05708 269
2 194.57668 127.10932 266
2 187.08531 122.8475 262
2 181.4176 121.386375 262
2 175.62825 122.281746 264
2 171.18095 124.32191 266
2 165.87082 127.66611 264
2 162.06773 128.03394 264
2 158.05856 129.35245 266
2 153.82797 132.27234 266
2 149.10484 131.54843 264
2 143.40732 131.15227 266
2 139.6757 132.59372 266
2 136.0211 134.16742 269
2 129.64598 133.95944 269
2 122.81854 134.67596 269
2 113.64621 134.01686 266
2 106.57187 133.02444 269
2 101.636856 131.62675 266
2 95.72624 131.80002 264
2 89.52214 130.99588 262
2 83.199585 132.38907 262
2 78.02081 133.82663 264
2 73.061676 134.20467 266
2 69.4339 134.5975 269
2 64.411606 134.16684 271
2 61.017456 132.00037 271
2 57.748505 131.53387 271
2 54.35565 131.21004 271
2 51.021454 131.88332 269
2 47.7352 133.92184 273
2 44.804413 135.32642 273
2 40.700256 138.09448 273
2 35.743835 140.33441 273
2 31.098602 139.31009 275
2 27.921844 138.35556 275
2 24.728333 133.05089 275
2 22.480103 125.74646 277
2 20.282623 124.03151 279
2 18.564697 118.862816 284
2 17.672607 111.593765 284
2 17.019318 102.77385 0
2 16.222412 94.81203 0
2 19.017395 78.71394 0
2 21.55597 71.14273 0
2 19.78302 79.29912 0
2 18.221924 79.78183 0
2 16.758667 84.30847 0
2 17.747894 70.978134 291
2 7.654236 180.47887 269
2 15.738373 185.74837 266
2 25.473633 146.6936 269
2 29.622345 145.22444 269
2 31.42456 141.35106 266
2 34.89746 139.88936 266
2 37.040405 136.97867 264
2 39.454742 134.33563 260
2 42.459625 131.23643 262
2 45.449127 129.92198 258
2 48.612976 128.59271 258
2 52.533966 128.9651 257
2 59.160553 132.04065 257
2 66.91786 134.6666 255
2 75.6904 133.67331 255
2 83.755615 133.97836 251
2 93.90399 134.52856 260
2 104.4666 134.27914 269
2 113.73001 137.04674 271
2 122.18974 138.96321 277
2 129.82832 140.71872 277
2 136.69623 142.51611 279
2 143.04382 143.81334 279
2 148.54042 145.2248 275
2 155.79419 144.87186 275
2 163.58179 144.72243 273
2 171.2192 144.34155 269
2 177.64777 146.06442 269
2 183.48105 145.87595 269
2 189.31006 145.4096 269
2 195.11609 144.71838 269
2 203.25056 144.2555 269
2 212.87448 140.21089 269
2 222.75482 138.29199 269
2 233.3305 137.95828 266
2 242.70837 137.79155 266
2 251.36118 137.53047 266
2 260.99805 137.26166 264
2 268.70142 138.11394 264
2 274.72137 141.22617 262
2 280.60223 141.49762 260
2 286.79556 142.07317 262
2 293.7357 141.542 260
2 301.47876 141.09921 260
2 310.4558 143.53801 258
2 319.27386 144.28926 258
2 326.8494 142.896 258
2 333.90762 141.95856 262
2 341.0323 140.19981 264
2 349.66083 136.84668 262
2 358.73795 130.97934 266
2 367.23486 127.59703 262
2 376.26578 126.79122 262
2 385.04034 127.69541 258
2 393.29672 129.51764 264
2 399.76724 132.78128 266
2 404.92023 133.77054 264
2 409.7526 134.1087 266
2 415.82275 135.92496 266
2 421.70645 135.28757 269
2 428.48672 134.99817 269
2 435.1595 133.63194 264
2 441.54645 131.69363 260
2 449.01392 128.88501 260
2 455.11792 129.82318 258
2 462.0362 128.45209 257
2 467.62665 131.93884 260
2 475.22015 130.3569 260
2 482.6977 131.25899 258
2 490.54565 136.88756 264
2 498.1665 139.36295 266
2 505.87817 140.39325 269
2 513.62024 140.84724 269
2 520.1019 141.93974 269
2 524.91254 140.39499 269
2 529.27844 143.19345 271
2 535.07947 143.6042 273
2 541.5054 142.0421 273
2 546.66547 140.73819 271
2 553.3508 137.94394 273
2 560.963 135.12706 273
2 567.01776 134.12173 271
2 573.2993 131.45895 269
2 579.9189 131.58154 271
2 585.0012 127.78408 266
2 588.36646 127.27347 269
2 591.0718 128.1781 269
2 594.85736 125.53073 271
2 597.6919 122.89531 266
2 599.51624 123.75697 266
2 602.03577 122.44564 264
2 604.14545 125.12672 269
2 606.3151 126.98003 269
2 608.2959 132.32323 271
2 610.18024 135.39456 273
2 611.80054 140.90456 277
2 613.4422 143.24527 279
2 614.84186 152.03873 279
2 616.8416 157.58609 282
2 618.2506 173.34338 282
2 619.1655 184.28178 277
2 620.11127 196.40154 279
2 621.6321 210.10442 284
2 625.33044 221.61943 284
2 610.7531 127.81522 728
2 608.8258 127.81589 0
2 607.40735 130.10248 286
2 606.41675 128.76312 282
2 604.84326 127.77226 279
2 603.96985 128.62938 277
2 603.057 126.49172 275
2 602.1202 124.03938 273
2 599.86926 124.464615 273
2 597.9724 123.21907 271
2 595.73584 122.22527 269
2 592.6203 121.957184 271
2 587.9187 126.25737 269
2 581.26086 128.62206 269
2 575.3196 132.63942 271
2 569.4484 131.94568 271
2 563.44617 131.77802 271
2 557.5758 132.78358 273
2 551.2434 134.53635 271
2 545.54443 135.41138 271
2 540.0459 134.86995 269
2 532.0443 137.1828 277
2 526.57117 137.71185 279
2 521.8257 140.40086 279
2 516.73334 140.94008 277
2 510.94562 142.14189 277
2 505.74457 141.6724 277
2 500.18665 141.4383 277
2 493.7648 140.41254 279
2 489.02582 137.58698 279
2 483.1166 135.17255 279
2 477.1549 132.5874 279
2 471.0786 129.33383 279
2 462.98215 129.7813 277
2 454.75903 129.42722 279
2 446.818 127.709885 277
2 438.96942 127.17265 277
2 432.62405 126.107956 277
2 426.79462 125.86516 277
2 420.4505 129.96725 277
2 415.94055 132.5368 273
2 410.6011 133.8309 273
2 404.85245 134.09499 275
2 400.9749 137.10422 277
2 394.57193 136.32109 279
2 387.02676 135.46106 279
2 379.50983 134.35486 275
2 371.16888 132.91049 277
2 363.21158 134.8699 273
2 357.1659 133.26956 271
2 352.80386 131.92758 271
2 347.50525 130.61427 271
2 340.86166 130.43263 271
2 333.86707 130.9838 269
2 326.6694 132.04166 271
2 320.9776 133.10188 271
2 315.41113 134.22171 269
2 310.66248 135.69025 269
2 305.3675 137.8631 269
2 300.2505 140.29655 271
2 295.84586 142.43433 269
2 291.3318 144.9168 269
2 286.08762 143.93721 271
2 279.0298 142.4276 275
2 272.55875 143.77017 273
2 265.17212 144.60043 275
2 258.78748 138.09486 277
2 252.56856 132.8532 275
2 246.28864 132.66083 275
2 239.53633 134.69397 273
2 232.66162 135.0653 273
2 225.73352 134.58566 269
2 218.46924 134.13089 269
2 211.77773 134.92554 273
2 205.46936 137.38599 275
2 200.42288 138.85245 275
2 195.4866 139.49707 273
2 189.51321 140.06549 271
2 183.4758 139.67274 273
2 178.47838 139.75862 275
2 164.10979 138.00983 275
2 154.6769 138.29408 273
2 144.07903 141.52768 273
2 137.79727 137.908 275
2 132.19101 136.2688 275
2 126.08905 133.49179 275
2 118.470795 128.72195 269
2 110.67937 124.841484 269
2 105.076385 124.19076 266
2 100.79826 123.95443 266
2 96.086655 126.03803 266
2 91.68274 127.44462 264
2 88.15436 129.45364 264
2 83.18564 132.48819 264
2 78.06845 132.52705 264
2 72.33038 134.58124 266
2 66.83899 135.28316 269
2 62.408203 135.34726 269
2 57.66519 138.0018 269
2 51.504456 135.79224 266
2 47.179382 136.5261 269
2 41.91626 135.60406 266
2 37.344666 137.20512 266
2 33.769073 138.2503 269
2 31.033722 137.19437 269
2 28.86438 132.60728 266
2 26.375671 133.41014 271
2 24.964874 132.93893 273
2 24.197845 134.21323 275
2 22.568054 135.45892 275
2 22.003723 136.82764 277
2 21.545685 143.19167 282
2 21.363373 151.74103 284
2 19.895813 155.85936 289
2 18.56836 156.53955 294
2 15.908905 165.97722 294
2 13.634827 173.992 294
2 11.256866 186.29959 294
2 8.956757 196.62756 0
2 6.524231 211.42886 0
2 12.269287 238.21965 0
2 7.2134094 241.60408 291
2 5.7983093 243.75534 291
2 32.269257 172.48929 282
2 29.474182 145.37392 279
2 30.7117 137.2968 277
2 33.251984 133.59528 275
2 34.948914 128.2886 275
2 37.31378 127.18857 275
2 39.18152 126.38181 269
2 43.073914 127.75211 266
2 47.254486 124.16913 264
2 53.47 125.56214 266
2 60.427216 125.306175 266
2 67.368515 127.41473 269
2 77.27666 132.56567 271
2 86.45361 135.39566 269
2 95.17232 136.86768 273
2 103.70085 139.20721 269
2 112.318375 139.41422 271
2 119.30473 139.35905 269
2 126.69092 138.84882 269
2 133.86993 138.10443 269
2 140.96931 136.31172 269
2 147.88165 135.99953 269
2 156.35931 133.03467 266
2 164.9868 133.0823 266
2 173.20859 132.362 262
2 182.69534 131.01413 264
2 191.27675 131.82492 266
2 200.92635 130.2492 266
2 211.24695 132.51526 266
2 222.33655 135.19855 273
2 232.84738 137.96445 275
2 241.41876 138.15079 277
2 249.638 139.7397 279
2 256.7293 142.02124 279
2 263.38614 143.19067 277
2 270.08804 145.88211 277
2 275.82217 147.25793 277
2 281.97867 146.37634 277
2 287.86142 145.83838 277
2 294.94946 143.39738 277
2 300.43167 141.56699 279
2 307.38907 139.7484 277
2 317.2484 136.8657 27