1 21.330933 177.96687 277
1 21.840515 169.45253 277
1 23.069519 162.8725 277
1 24.843414 159.27246 277
1 26.35611 153.13362 277
1 27.84253 149.71837 273
1 29.319489 147.54625 269
1 30.919434 146.42331 266
1 32.592438 145.58295 266
1 34.147675 144.86307 264
1 35.78589 146.12154 262
1 37.3313 146.78366 260
1 39.903046 144.59018 260
1 43.0448 141.41359 260
1 45.55652 139.61209 260
1 48.82373 138.03883 260
1 52.53842 137.79236 260
1 55.631744 140.61792 260
1 58.85547 142.68173 260
1 61.3808 143.94034 258
1 64.07361 144.06723 258
1 66.40065 145.21365 258
1 68.75548 146.91785 258
1 70.94144 146.465 258
1 73.78357 148.25221 260
1 75.537994 148.79684 258
1 78.068375 148.62666 258
1 80.397125 149.54745 257
1 83.04779 149.31096 257
1 85.759705 148.37729 255
1 88.39699 148.42468 255
1 91.25203 149.36697 255
1 94.16872 149.01309 253
1 96.78241 148.02058 253
1 100.06085 148.03065 251
1 103.05112 148.64938 251
1 106.31654 148.35999 251
1 108.953064 147.49112 251
1 111.52193 147.12198 251
1 113.95648 146.03198 251
1 116.37848 145.04385 251
1 118.32594 143.91164 253
1 119.825516 143.00786 251
1 120.65639 142.43362 253
1 122.368286 144.06561 255
1 122.97365 145.30402 253
1 123.6409 145.125 255
1 124.116516 145.58238 257
1 124.51076 145.465 257
1 124.70732 145.52261 257
1 125.06171 146.04727 255
1 125.43552 145.60132 255
1 125.45183 145.38812 255
1 125.51611 144.15085 255
1 125.73714 144.15497 255
1 125.98477 143.77719 253
1 126.09421 143.47818 255
1 126.49675 143.55028 253
1 126.74782 142.29576 253
1 126.851074 142.54958 253
1 127.08812 142.36328 253
1 127.50906 142.27383 253
1 127.90129 142.63652 253
1 128.10405 142.27185 253
1 128.63124 143.1625 255
1 129.38945 143.46468 257
1 129.37585 143.2965 255
1 129.66112 143.53319 255
1 129.97038 143.61786 257
1 130.36594 143.54773 257
1 130.13283 143.2966 257
1 130.56776 143.53612 257
1 130.72081 143.30098 257
1 130.79031 143.74487 257
1 130.86316 144.15817 255
1 130.93416 144.47583 255
1 130.86708 143.9858 255
1 130.84467 143.3099 255
1 130.84456 143.6497 255
1 130.65645 143.91583 257
1 130.40271 143.73035 257
1 130.67534 143.77794 257
1 130.53172 143.38611 257
1 130.5347 143.8044 255
1 130.34106 143.80943 257
1 130.18208 143.33667 257
1 130.54807 143.45483 257
1 130.36055 143.66145 255
1 130.33873 143.5621 257
1 130.34752 143.2747 255
1 130.4714 143.0993 257
1 130.29135 143.10928 255
1 130.31693 143.90796 255
1 130.30211 143.73013 255
1 130.41693 143.8318 255
1 130.54436 144.01083 255
1 130.21875 143.89388 255
1 130.4933 144.27435 255
1 130.60742 143.99414 255
1 130.65143 143.96385 255
1 130.69315 143.47626 255
1 130.55905 143.67758 255
1 130.6412 143.79439 255
1 130.64679 143.94487 255
1 130.42844 143.65994 255
1 130.46219 143.7945 255
1 130.55331 143.71967 255
1 130.31534 144.41519 255
1 130.46555 143.8394 255
1 130.50584 144.0774 255
1 130.46165 144.32492 255
1 130.61206 143.48935 255
1 130.5762 143.8945 255
1 130.51222 144.33588 255
1 130.60925 143.69955 255
1 130.63315 143.71326 255
1 130.7 144.18103 255
1 130.81793 144.05954 255
1 130.69933 144.11652 255
1 130.73419 144.31647 255
1 130.66223 144.21136 255
1 130.7578 143.82553 255
1 130.78464 143.87628 255
1 130.9394 144.39151 255
1 130.78793 144.6655 255
1 130.89478 144.24388 255
1 131.02203 144.33987 255
1 130.8504 144.31856 255
1 130.90796 144.14423 255
1 130.91437 144.35915 255
1 130.89476 143.95378 255
1 131.02321 144.3381 255
1 130.89162 144.1491 255
1 130.99353 144.45166 255
1 130.90536 144.4857 255
1 131.0127 144.27812 255
1 131.124 144.45364 255
1 131.24873 143.86655 255
1 131.09464 144.3027 255
1 131.20438 143.84091 253
1 130.97821 144.23479 255
1 131.2061 144.12949 255
1 130.99403 144.57031 255
1 130.868 144.0987 255
1 130.80531 144.34119 255
1 130.84909 144.38248 255
1 130.92549 143.9689 255
1 130.78218 144.25452 255
1 130.9914 144.09335 255
1 131.01067 144.04073 255
1 130.66142 143.64865 255
1 130.66112 143.87701 255
1 130.6683 144.39014 255
1 130.6826 143.89864 257
1 130.64627 144.12112 255
1 130.47836 143.93448 255
1 130.4853 143.87201 255
1 130.73517 144.35991 255
1 130.47533 143.9695 255
1 130.58443 144.47705 255
1 130.7304 144.06172 255
1 130.5761 143.44696 255
1 130.4774 143.07281 255
1 130.822 143.48277 255
1 130.79 143.8064 255
1 130.84961 143.91742 255
1 130.68658 144.05405 255
1 130.72464 144.23706 255
1 130.60881 144.49083 255
1 130.9446 144.17593 255
1 131.06644 144.3118 255
1 130.90956 144.5112 255
1 131.00024 143.57922 255
1 131.09172 144.13031 255
1 131.22783 144.38193 255
1 131.32457 144.27109 255
1 131.43756 144.45822 255
1 131.40114 144.40295 255
1 131.46988 144.08365 255
1 131.41722 144.0242 255
1 131.5828 144.09296 255
1 131.69518 144.33331 253
1 131.85255 144.09427 255
1 131.84985 144.05124 255
1 132.07133 145.15228 253
1 132.0533 144.36009 253
1 131.9832 144.2636 255
1 132.13078 144.73276 255
1 132.0996 144.49399 253
1 132.15805 143.88602 253
1 132.03099 143.75296 255
1 132.20816 143.99152 255
1 132.01434 144.39604 255
1 132.30836 144.74268 255
1 132.22066 143.93927 253
1 132.2633 144.30028 253
1 132.14432 144.96158 255
1 132.30803 144.41452 253
1 132.22473 144.37662 253
1 132.0018 144.43059 253
1 132.43414 144.7158 253
1 132.39763 144.6243 255
1 132.34308 143.98734 253
1 132.47296 144.24539 253
1 132.67595 144.45665 253
1 132.17621 144.38528 253
1 132.21834 144.42657 253
1 132.52585 144.26227 253
1 132.27567 144.13873 253
1 132.36986 143.7847 253
1 132.27173 144.67093 253
1 132.51106 143.87296 253
1 132.37256 144.61209 255
1 132.36777 144.11899 255
1 132.31117 144.28012 253
1 132.30113 143.77884 253
1 132.45958 144.33047 253
1 132.1587 143.9301 253
1 132.29756 144.31741 253
1 132.35051 143.98685 253
1 132.51521 144.1702 253
1 132.3735 144.29758 253
1 132.14943 144.0451 253
1 132.48335 144.54295 253
1 132.59128 143.76733 253
1 132.43604 144.41713 253
1 132.54646 143.76047 253
1 132.49275 144.3062 255
1 132.54597 144.10919 253
1 132.62054 144.59723 253
1 132.63948 144.50049 253
1 132.51483 144.5766 253
1 132.5766 143.90439 253
1 132.54366 144.23425 253
1 132.56348 144.09987 253
1 132.54097 144.32016 253
1 132.5663 144.2558 253
1 132.4728 144.37854 253
1 132.36938 144.16171 253
1 132.51004 143.98346 255
1 132.5229 144.00003 253
1 132.43622 144.03937 253
1 132.20253 144.11566 255
1 132.35153 143.83533 255
1 132.45378 144.07199 253
1 132.38647 144.11937 255
1 132.32881 143.5408 253
1 132.40941 143.99811 253
1 132.39238 144.13788 253
1 132.54808 144.2301 253
1 132.19153 144.53725 253
1 132.18546 143.78815 255
1 132.23201 144.4166 255
1 132.24911 144.1257 255
1 132.17023 143.84409 253
1 132.01663 144.14313 253
1 132.31972 144.44998 253
1 132.17386 144.4241 253
1 132.14978 144.19862 253
1 132.20036 144.41782 255
1 132.25551 144.20927 253
1 132.0986 144.43344 253
1 132.0429 144.04483 253
1 132.11615 143.87268 255
1 132.02185 144.16006 253
1 131.98569 144.30081 255
1 131.98347 144.29831 255
1 131.94588 144.65207 255
1 131.93199 144.51515 253
1 131.73112 144.09717 255
1 131.93832 144.17786 255
1 131.72086 143.76161 255
1 131.61685 143.7734 253
1 131.62195 143.76295 255
1 131.63614 143.70285 255
1 131.5731 144.34128 255
1 131.6269 143.93788 255
1 131.41618 143.50772 255
1 131.27585 144.37529 253
1 131.48895 143.81491 255
1 131.49326 144.37921 255
1 131.4066 144.03055 255
1 131.32553 143.9972 255
1 131.38852 144.25717 255
1 131.49316 144.25583 255
1 131.42175 143.82373 253
1 131.60965 143.987 253
1 131.38483 143.85448 253
1 131.22139 144.39139 255
1 131.2523 144.06995 255
1 131.34541 143.963 253
1 131.50742 144.4507 255
1 131.48737 144.13098 253
1 131.47899 144.00232 253
1 131.43985 144.16888 253
1 131.63239 143.80542 253
1 131.54343 143.8861 253
1 131.4715 143.77664 253
1 131.69273 144.35616 255
1 131.82271 144.16647 253
1 131.83783 143.77225 253
1 131.80406 144.03629 255
1 131.67381 144.16647 255
1 131.95322 143.72925 255
1 131.70667 144.1356 253
1 131.7174 144.18546 255
1 131.8148 144.07431 253
1 131.73747 143.86835 253
1 131.80019 144.19632 253
1 131.72223 143.70734 255
1 131.73524 144.754 255
1 131.89084 143.83977 255
1 131.83931 143.91264 253
1 132.06255 144.0369 253
1 131.84439 143.81372 253
1 132.18605 144.04248 253
1 132.1618 144.11856 253
1 131.97365 143.5903 253
1 132.13158 144.04181 253
1 131.9368 143.60054 253
1 132.10255 144.63943 253
1 132.05792 144.20952 253
1 132.05455 143.89975 255
1 132.07504 144.4333 253
1 132.00536 143.89055 253
1 132.31807 143.91995 253
1 131.92592 144.64798 253
1 132.21236 144.51166 253
1 132.0275 144.13792 253
1 132.01498 144.15121 253
1 131.97473 143.74362 253
1 132.14787 143.829 253
1 132.07562 144.12384 253
1 132.27098 144.13658 253
1 132.01047 143.89589 255
1 132.2375 144.59996 253
1 132.17482 144.30295 253
1 132.04099 144.07617 253
1 132.22014 144.43083 253
1 132.12613 144.25229 253
1 132.2768 144.24515 253
1 132.23087 143.83987 255
1 132.17682 144.15912 253
1 132.33923 144.1378 255
1 132.4403 144.43817 253
1 132.5459 144.55109 255
1 132.24759 144.50653 253
1 132.66356 144.47255 255
1 132.53609 144.27676 253
1 132.2617 144.1581 253
1 132.51659 144.05278 253
1 132.44897 144.52924 253
1 132.41908 144.77559 253
1 132.69049 144.35419 253
1 132.57346 144.38971 253
1 132.61842 144.1732 253
1 132.80785 144.36823 253
1 133.01614 144.83368 255
1 132.6755 144.91951 255
1 132.80208 144.1062 253
1 132.95828 143.92578 253
1 132.99825 144.5939 253
1 132.81967 144.24721 253
1 133.0405 144.48146 255
1 133.04341 145.04413 255
1 133.0354 143.8289 255
1 133.069 144.41437 255
1 133.02267 144.32513 255
1 133.06216 144.85442 255
1 133.03171 144.06189 255
1 133.23755 144.28122 255
1 133.03676 143.7391 255
1 132.97311 143.8551 253
1 133.09135 144.34772 255
1 133.08473 144.55688 255
1 133.07973 143.87613 255
1 132.84985 144.4004 253
1 133.01924 144.35966 255
1 133.04527 144.72485 255
1 132.93555 144.20764 253
1 133.06335 143.97849 255
1 133.04257 144.16068 255
1 133.09541 143.91342 255
1 133.36876 144.14978 255
1 133.1674 144.49042 255
1 133.23068 144.06784 255
1 133.19348 144.18173 255
1 133.2638 144.1747 255
1 133.30336 144.17928 255
1 133.33559 143.77081 255
1 133.4875 144.3398 255
1 133.46263 144.28543 255
1 133.61562 144.01874 255
1 133.68924 144.05936 253
1 133.7284 143.98639 253
1 133.92482 144.28745 255
1 134.1568 144.23389 255
1 133.80338 144.69675 255
1 133.97961 144.27843 253
1 133.83301 144.16623 255
1 134.09084 144.12958 253
1 134.27512 144.55154 253
1 134.45993 144.1643 253
1 133.98346 144.40584 253
1 134.3249 144.4306 253
1 134.28345 144.41064 255
1 134.10078 143.94852 253
1 134.39032 144.36996 253
1 134.35211 144.30316 255
1 134.635 144.28659 255
1 134.40347 144.10889 255
1 134.54666 144.0822 255
1 134.57237 144.27469 253
1 134.54436 144.01865 253
1 134.62839 144.03673 255
1 134.51648 144.2268 255
1 134.37778 144.02737 253
1 134.50642 143.76373 253
1 134.35268 143.70233 253
1 134.67882 144.26328 253
1 134.75516 144.04625 253
1 134.72392 144.42368 253
1 134.50854 143.89926 255
1 134.48772 143.63922 255
1 134.7154 143.8746 253
1 134.72192 144.34921 253
1 134.62532 143.70628 253
1 134.72139 144.01074 253
1 134.8568 144.0191 253
1 135.12868 144.4398 255
1 135.2178 143.16832 255
1 135.25473 143.792 253
1 135.58087 143.61209 255
1 135.59409 143.92746 255
1 135.71927 144.33774 255
1 136.06355 144.45526 255
1 136.07817 144.03433 253
1 136.3644 143.81412 253
1 136.49115 144.26456 255
1 136.7888 144.04126 255
1 136.85635 144.39503 253
1 136.92914 144.25818 253
1 137.0364 144.02713 255
1 137.34059 144.66772 255
1 137.59692 144.38348 255
1 137.56198 144.8152 255
1 137.46843 144.71909 253
1 137.58902 144.33142 255
1 137.7967 144.45667 255
1 137.81587 144.79291 253
1 137.91136 143.74573 255
1 138.01682 144.36053 255
1 137.82262 144.46481 253
1 137.8051 144.4148 253
1 137.93988 144.31079 253
1 137.97737 144.25586 253
1 138.14983 144.5144 253
1 138.26329 143.99876 253
1 138.22052 144.36664 253
1 138.2306 144.40901 255
1 138.50603 144.96053 253
1 138.64497 144.26483 253
1 138.61913 144.24779 253
1 138.6489 144.11572 253
1 138.76302 144.71286 253
1 138.8662 144.41231 253
1 138.89738 144.14172 253
1 139.02406 144.46286 253
1 139.01308 144.4566 253
1 139.08223 144.75986 253
1 139.05264 144.8746 253
1 139.18382 144.6412 253
1 139.2632 144.76978 253
1 139.11464 144.82936 253
1 139.34802 144.23964 253
1 139.40965 145.48611 253
1 139.34737 144.43634 253
1 139.44594 144.3854 253
1 139.41556 144.9195 253
1 139.84169 144.68915 253
1 139.75908 144.71255 253
1 139.7621 144.46852 253
1 139.854 144.40262 253
1 140.07211 144.19089 253
1 140.17249 144.27971 253
1 140.34377 144.93677 253
1 140.24911 144.19168 253
1 140.11919 144.13705 253
1 140.11874 144.01187 253
1 139.99461 144.33994 253
1 140.01309 144.37042 253
1 140.21063 144.18314 253
1 140.22867 144.47836 253
1 140.17616 143.7832 253
1 140.19049 144.33162 253
1 140.17717 144.11884 253
1 140.07603 144.68294 253
1 139.70955 144.22333 253
1 139.51692 144.48575 253
1 139.60947 143.91422 253
1 139.39574 144.05766 253
1 139.36453 143.9957 253
1 139.05685 143.6174 255
1 138.92491 143.63736 257
1 138.42976 143.37651 257
1 137.9111 143.02383 257
1 137.40433 142.75671 257
1 136.80435 142.39085 257
1 136.4411 142.59868 258
1 135.78217 141.87317 258
1 135.18619 142.57785 260
1 134.38489 142.32445 260
1 133.25504 141.60837 260
1 132.2363 141.34848 260
1 131.30759 141.32541 262
1 130.66382 140.25519 262
1 129.60655 140.7467 262
1 128.32794 141.02097 262
1 127.18584 140.72153 262
1 125.42471 140.48685 264
1 124.69467 141.29147 266
1 123.37184 141.59909 264
1 121.31311 142.77753 264
1 119.3275 145.06369 264
1 117.07823 146.18488 264
1 115.14064 147.88278 264
1 112.644424 148.2975 264
1 110.329575 149.90955 266
1 107.76051 151.38004 264
1 104.98497 153.23032 264
1 102.230896 153.91171 264
1 99.65791 154.94186 266
1 97.04889 155.0959 266
1 93.89296 155.69678 266
1 90.55875 156.64084 266
1 86.67694 156.11075 264
1 83.42207 155.57239 266
1 79.26141 156.8563 264
1 75.1483 156.31903 264
1 70.5141 155.24844 264
1 65.91725 154.84222 264
1 61.77249 154.74994 264
1 57.949127 153.32964 262
1 53.723877 152.6649 262
1 49.68405 151.74896 260
1 46.320465 150.81497 260
1 43.08255 149.51245 260
1 39.86621 148.82864 260
1 37.576263 148.08507 260
1 35.338226 148.49086 262
1 32.92212 149.31091 260
1 30.519348 150.65051 260
1 27.955872 150.43982 260
1 24.961761 151.59549 262
1 22.610413 152.43066 262
1 20.03482 155.90222 264
1 19.356781 160.6734 266
1 17.761139 164.53798 269
1 16.701202 168.48807 269
1 15.808533 178.87025 271
1 13.777893 184.07784 273
1 11.783264 192.87073 275
1 10.872192 238.90204 266
1 6.6285706 246.67528 266
1 1.3594055 268.68213 273
2 598.1819 198.15547 262
2 597.4103 195.23169 262
2 596.84326 190.17642 262
2 595.8265 186.05652 262
2 595.58057 181.91486 262
2 595.50085 176.74046 260
2 595.2536 172.8267 260
2 594.8756 171.29889 260
2 595.21655 166.94087 258
2 595.07385 163.9852 258
2 595.3552 158.5527 257
2 595.1197 155.10748 257
2 594.7168 152.12103 255
2 594.1255 148.49097 255
2 593.1891 145.46109 255
2 592.0818 144.02762 255
2 591.14905 142.03918 255
2 589.13 140.55917 251
2 586.9501 141.61816 253
2 585.0271 142.03287 253
2 582.8461 142.66891 253
2 580.8079 143.53455 253
2 578.96814 143.56819 253
2 577.48206 144.46239 253
2 576.0168 145.65056 253
2 574.0132 145.71487 251
2 571.1253 146.07442 251
2 568.6071 146.40207 249
2 565.8545 147.75641 251
2 563.66125 147.9194 249
2 561.83594 148.4256 247
2 559.8677 148.9812 249
2 557.32825 150.20758 249
2 555.44403 150.10568 251
2 554.094 150.93933 249
2 552.1782 152.15433 249
2 550.5619 152.47168 253
2 549.1414 152.75159 255
2 547.9886 152.42972 260
2 546.9059 152.71921 260
2 545.85754 152.37735 260
2 545.8794 152.48065 260
2 545.61304 152.14047 260
2 545.5564 151.72983 260
2 545.2656 150.49095 258
2 545.4547 150.69995 260
2 545.4671 150.71744 260
2 545.26013 150.42758 260
2 545.2699 150.0896 260
2 544.9062 150.00119 262
2 544.4966 150.04602 262
2 544.38403 149.38124 260
2 543.8216 149.11807 262
2 543.4935 148.94455 262
2 543.18616 149.02893 262
2 542.25256 148.39433 262
2 541.96204 148.18387 260
2 541.432 147.98291 262
2 540.77673 147.61752 262
2 540.5221 147.26053 262
2 540.2851 147.43182 262
2 539.6949 146.38501 262
2 539.51337 146.60687 262
2 539.0342 146.44296 262
2 538.51874 145.99649 262
2 538.4421 146.21347 262
2 537.83344 146.78384 262
2 537.5012 147.65454 264
2 537.1664 147.15298 264
2 537.1017 148.03778 264
2 536.82996 147.2264 262
2 536.5987 147.24115 262
2 536.7934 147.33253 262
2 536.28314 147.1375 262
2 536.6816 147.45703 262
2 536.49524 147.82788 262
2 536.63184 147.49469 260
2 536.64404 148.55579 262
2 536.6744 147.66066 262
2 536.36505 147.58243 260
2 536.3119 147.48404 260
2 536.39685 147.43642 260
2 535.9602 147.54144 262
2 536.0966 148.24118 262
2 535.8586 148.1069 262
2 536.043 147.80482 260
2 535.79675 147.9094 262
2 536.0244 148.04288 262
2 535.63275 147.74216 262
2 535.96515 147.63568 262
2 535.7914 147.60316 262
2 535.89124 147.77403 262
2 535.70483 148.14749 262
2 535.91486 147.89702 262
2 535.78406 148.33858 262
2 535.83704 147.59573 262
2 536.01697 148.40591 262
2 535.86536 148.2852 262
2 535.58704 148.24915 262
2 535.71783 148.68184 262
2 535.29724 148.16626 264
2 535.83466 149.12234 262
2 535.79364 148.84286 262
2 535.69055 147.70142 262
2 536.12177 147.76074 262
2 536.36304 146.52478 262
2 536.69055 147.5067 262
2 536.44037 147.37427 262
2 536.3215 147.3825 262
2 537.1548 146.72815 260
2 537.0718 146.31534 262
2 537.3237 146.64362 262
2 537.513 146.3806 262
2 537.66205 146.43282 260
2 537.67883 146.06317 262
2 538.0365 146.98001 260
2 538.0149 146.27353 260
2 538.1062 146.20905 260
2 538.1602 146.32712 260
2 538.0508 146.88222 260
2 538.47504 146.53473 260
2 538.17883 146.70184 260
2 538.28613 146.35614 262
2 538.1931 147.17183 260
2 538.2865 146.83356 262
2 538.46313 146.85126 262
2 538.4414 147.02979 260
2 538.28217 147.25879 260
2 538.3343 146.47136 262
2 538.1222 147.16283 262
2 538.2061 147.39517 262
2 538.4717 146.92667 262
2 537.9525 146.9491 262
2 538.1045 147.00305 262
2 538.13074 146.96599 262
2 538.1968 146.80179 262
2 538.10486 147.50601 262
2 538.16296 146.71819 262
2 538.1046 147.21548 262
2 537.90106 146.86073 262
2 537.97876 147.5585 262
2 537.8624 146.66373 262
2 537.6044 146.72826 262
2 537.7623 146.89488 262
2 537.6314 146.75146 262
2 537.3287 146.43774 260
2 537.423 147.63867 262
2 537.5128 147.5814 262
2 537.28754 147.35135 262
2 537.184 147.38623 262
2 536.84534 146.79977 262
2 536.83746 146.54126 262
2 536.61487 147.01096 262
2 536.7588 147.21965 262
2 536.58496 147.05482 262
2 536.4597 147.00325 262
2 536.0944 147.41138 262
2 536.17786 147.73888 262
2 536.2054 147.44662 262
2 535.7995 147.32086 262
2 535.716 147.92744 262
2 535.8126 147.58304 262
2 535.932 147.86621 262
2 535.68555 147.04167 262
2 535.53394 148.03351 262
2 535.5852 146.61777 262
2 535.46423 147.46558 262
2 535.2658 146.6712 262
2 535.3371 147.63681 262
2 535.35767 147.86557 262
2 535.4276 146.96576 262
2 535.534 147.66907 262
2 535.0853 147.60313 262
2 535.41064 148.07516 262
2 535.3941 147.72092 262
2 535.26526 147.3103 262
2 535.34326 147.73056 262
2 534.9059 147.68509 262
2 535.20557 148.27853 262
2 535.27234 148.56213 262
2 535.28107 148.59619 262
2 535.32855 147.92123 262
2 535.3644 148.1477 262
2 535.6036 148.13554 262
2 535.52826 147.97879 262
2 535.5261 147.74106 262
2 535.69635 147.51321 262
2 535.6854 147.54611 262
2 535.69336 146.92447 262
2 535.89844 148.18442 262
2 535.7886 147.29126 262
2 536.0065 147.388 262
2 535.94543 147.63393 262
2 536.1035 147.96704 262
2 536.3049 147.72841 262
2 536.4125 148.09622 262
2 536.41205 147.06696 262
2 536.38696 147.46973 262
2 536.35547 147.00143 262
2 536.39856 147.03912 262
2 536.7057 147.4093 262
2 536.4551 147.5041 262
2 536.6569 147.78284 260
2 536.72156 147.62698 262
2 536.49255 146.81053 262
2 536.75305 147.51825 262
2 536.92346 147.69519 260
2 536.7994 147.38019 262
2 536.5687 147.06378 262
2 536.8946 147.43604 262
2 536.5779 146.89838 262
2 536.4718 147.43909 262
2 536.5859 146.943 262
2 536.59094 147.51492 262
2 536.46124 147.15784 262
2 536.3108 147.29475 262
2 536.3737 147.08041 262
2 536.4494 147.40225 262
2 536.3075 147.6766 262
2 536.334 147.98996 262
2 536.2281 146.58118 262
2 536.00275 147.02072 262
2 536.2712 147.39803 262
2 536.34546 147.20093 262
2 536.2371 147.03003 262
2 536.12775 147.05005 262
2 536.3116 147.08357 262
2 535.9613 146.99405 262
2 536.22906 146.8186 262
2 536.1913 146.91795 262
2 536.0563 147.19122 262
2 536.067 147.26883 262
2 536.14856 147.01178 262
2 536.0058 146.0591 262
1 21.330933 177.96687 277
1 21.840515 169.45253 277
1 23.069519 162.8725 277
1 24.843414 159.27246 277
1 26.35611 153.13362 277
1 27.84253 149.71837 273
1 29.319489 147.54625 269
1 30.919434 146.42331 266
1 32.592438 145.58295 266
1 34.147675 144.86307 264
1 35.78589 146.12154 262
1 37.3313 146.78366 260
1 39.903046 144.59018 260
1 43.0448 141.41359 260
1 45.55652 139.61209 260
1 48.82373 138.03883 260
1 52.53842 137.79236 260
1 55.631744 140.61792 260
1 58.85547 142.68173 260
1 61.3808 143.94034 258
1 64.07361 144.06723 258
1 66.40065 145.21365 258
1 68.75548 146.91785 258
1 70.94144 146.465 258
1 73.78357 148.25221 260
1 75.537994 148.79684 258
1 78.068375 148.62666 258
1 80.397125 149.54745 257
1 83.04779 149.31096 257
1 85.759705 148.37729 255
1 88.39699 148.42468 255
1 91.25203 149.36697 255
1 94.16872 149.01309 253
1 96.78241 148.02058 253
1 100.06085 148.03065 251
1 103.05112 148.64938 251
1 106.31654 148.35999 251
1 108.953064 147.49112 251
1 111.52193 147.12198 251
1 113.95648 146.03198 251
1 116.37848 145.04385 251
1 118.32594 143.91164 253
1 119.825516 143.00786 251
1 120.65639 142.43362 253
1 122.368286 144.06561 255
1 122.97365 145.30402 253
1 123.6409 145.125 255
1 124.116516 145.58238 257
1 124.51076 145.465 257
1 124.70732 145.52261 257
1 125.06171 146.04727 255
1 125.43552 145.60132 255
1 125.45183 145.38812 255
1 125.51611 144.15085 255
1 125.73714 144.15497 255
1 125.98477 143.77719 253
1 126.09421 143.47818 255
1 126.49675 143.55028 253
1 126.74782 142.29576 253
1 126.851074 142.54958 253
1 127.08812 142.36328 253
1 127.50906 142.27383 253
1 127.90129 142.63652 253
1 128.10405 142.27185 253
1 128.63124 143.1625 255
1 129.38945 143.46468 257
1 129.37585 143.2965 255
1 129.66112 143.53319 255
1 129.97038 143.61786 257
1 130.36594 143.54773 257
1 130.13283 143.2966 257
1 130.56776 143.53612 257
1 130.72081 143.30098 257
1 130.79031 143.74487 257
1 130.86316 144.15817 255
1 130.93416 144.47583 255
1 130.86708 143.9858 255
1 130.84467 143.3099 255
1 130.84456 143.6497 255
1 130.65645 143.91583 257
1 130.40271 143.73035 257
1 130.67534 143.77794 257
1 130.53172 143.38611 257
1 130.5347 143.8044 255
1 130.34106 143.80943 257
1 130.18208 143.33667 257
1 130.54807 143.45483 257
1 130.36055 143.66145 255
1 130.33873 143.5621 257
1 130.34752 143.2747 255
1 130.4714 143.0993 257
1 130.29135 143.10928 255
1 130.31693 143.90796 255
1 130.30211 143.73013 255
1 130.41693 143.8318 255
1 130.54436 144.01083 255
1 130.21875 143.89388 255
1 130.4933 144.27435 255
1 130.60742 143.99414 255
1 130.65143 143.96385 255
1 130.69315 143.47626 255
1 130.55905 143.67758 255
1 130.6412 143.79439 255
1 130.64679 143.94487 255
1 130.42844 143.65994 255
1 130.46219 143.7945 255
1 130.55331 143.71967 255
1 130.31534 144.41519 255
1 130.46555 143.8394 255
1 130.50584 144.0774 255
1 130.46165 144.32492 255
1 130.61206 143.48935 255
1 130.5762 143.8945 255
1 130.51222 144.33588 255
1 130.60925 143.69955 255
1 130.63315 143.71326 255
1 130.7 144.18103 255
1 130.81793 144.05954 255
1 130.69933 144.11652 255
1 130.73419 144.31647 255
1 130.66223 144.21136 255
1 130.7578 143.82553 255
1 130.78464 143.87628 255
1 130.9394 144.39151 255
1 130.78793 144.6655 255
1 130.89478 144.24388 255
1 131.02203 144.33987 255
1 130.8504 144.31856 255
1 130.90796 144.14423 255
1 130.91437 144.35915 255
1 130.89476 143.95378 255
1 131.02321 144.3381 255
1 130.89162 144.1491 255
1 130.99353 144.45166 255
1 130.90536 144.4857 255
1 131.0127 144.27812 255
1 131.124 144.45364 255
1 131.24873 143.86655 255
1 131.09464 144.3027 255
1 131.20438 143.84091 253
1 130.97821 144.23479 255
1 131.2061 144.12949 255
1 130.99403 144.57031 255
1 130.868 144.0987 255
1 130.80531 144.34119 255
1 130.84909 144.38248 255
1 130.92549 143.9689 255
1 130.78218 144.25452 255
1 130.9914 144.09335 255
1 131.01067 144.04073 255
1 130.66142 143.64865 255
1 130.66112 143.87701 255
1 130.6683 144.39014 255
1 130.6826 143.89864 257
1 130.64627 144.12112 255
1 130.47836 143.93448 255
1 130.4853 143.87201 255
1 130.73517 144.35991 255
1 130.47533 143.9695 255
1 130.58443 144.47705 255
1 130.7304 144.06172 255
1 130.5761 143.44696 255
1 130.4774 143.07281 255
1 130.822 143.48277 255
1 130.79 143.8064 255
1 130.84961 143.91742 255
1 130.68658 144.05405 255
1 130.72464 144.23706 255
1 130.60881 144.49083 255
1 130.9446 144.17593 255
1 131.06644 144.3118 255
1 130.90956 144.5112 255
1 131.00024 143.57922 255
1 131.09172 144.13031 255
1 131.22783 144.38193 255
1 131.32457 144.27109 255
1 131.43756 144.45822 255
1 131.40114 144.40295 255
1 131.46988 144.08365 255
1 131.41722 144.0242 255
1 131.5828 144.09296 255
1 131.69518 144.33331 253
1 131.85255 144.09427 255
1 131.84985 144.05124 255
1 132.07133 145.15228 253
1 132.0533 144.36009 253
1 131.9832 144.2636 255
1 132.13078 144.73276 255
1 132.0996 144.49399 253
1 132.15805 143.88602 253
1 132.03099 143.75296 255
1 132.20816 143.99152 255
1 132.01434 144.39604 255
1 132.30836 144.74268 255
1 132.22066 143.93927 253
1 132.2633 144.30028 253
1 132.14432 144.96158 255
1 132.30803 144.41452 253
1 132.22473 144.37662 253
1 132.0018 144.43059 253
1 132.43414 144.7158 253
1 132.39763 144.6243 255
1 132.34308 143.98734 253
1 132.47296 144.24539 253
1 132.67595 144.45665 253
1 132.17621 144.38528 253
1 132.21834 144.42657 253
1 132.52585 144.26227 253
1 132.27567 144.13873 253
1 132.36986 143.7847 253
1 132.27173 144.67093 253
1 132.51106 143.87296 253
1 132.37256 144.61209 255
1 132.36777 144.11899 255
1 132.31117 144.28012 253
1 132.30113 143.77884 253
1 132.45958 144.33047 253
1 132.1587 143.9301 253
1 132.29756 144.31741 253
1 132.35051 143.98685 253
1 132.51521 144.1702 253
1 132.3735 144.29758 253
1 132.14943 144.0451 253
1 132.48335 144.54295 253
1 132.59128 143.76733 253
1 132.43604 144.41713 253
1 132.54646 143.76047 253
1 132.49275 144.3062 255
1 132.54597 144.10919 253
1 132.62054 144.59723 253
1 132.63948 144.50049 253
1 132.51483 144.5766 253
1 132.5766 143.90439 253
1 132.54366 144.23425 253
1 132.56348 144.09987 253
1 132.54097 144.32016 253
1 132.5663 144.2558 253
1 132.4728 144.37854 253
1 132.36938 144.16171 253
1 132.51004 143.98346 255
1 132.5229 144.00003 253
1 132.43622 144.03937 253
1 132.20253 144.11566 255
1 132.35153 143.83533 255
1 132.45378 144.07199 253
1 132.38647 144.11937 255
1 132.32881 143.5408 253
1 132.40941 143.99811 253
1 132.39238 144.13788 253
1 132.54808 144.2301 253
1 132.19153 144.53725 253
1 132.18546 143.78815 255
1 132.23201 144.4166 255
1 132.24911 144.1257 255
1 132.17023 143.84409 253
1 132.01663 144.14313 253
1 132.31972 144.44998 253
1 132.17386 144.4241 253
1 132.14978 144.19862 253
1 132.20036 144.41782 255
1 132.25551 144.20927 253
1 132.0986 144.43344 253
1 132.0429 144.04483 253
1 132.11615 143.87268 255
1 132.02185 144.16006 253
1 131.98569 144.30081 255
1 131.98347 144.29831 255
1 131.94588 144.65207 255
1 131.93199 144.51515 253
1 131.73112 144.09717 255
1 131.93832 144.17786 255
1 131.72086 143.76161 255
1 131.61685 143.7734 253
1 131.62195 143.76295 255
1 131.63614 143.70285 255
1 131.5731 144.34128 255
1 131.6269 143.93788 255
1 131.41618 143.50772 255
1 131.27585 144.37529 253
1 131.48895 143.81491 255
1 131.49326 144.37921 255
1 131.4066 144.03055 255
1 131.32553 143.9972 255
1 131.38852 144.25717 255
1 131.49316 144.25583 255
1 131.42175 143.82373 253
1 131.60965 143.987 253
1 131.38483 143.85448 253
1 131.22139 144.39139 255
1 131.2523 144.06995 255
1 131.34541 143.963 253
1 131.50742 144.4507 255
1 131.48737 144.13098 253
1 131.47899 144.00232 253
1 131.43985 144.16888 253
1 131.63239 143.80542 253
1 131.54343 143.8861 253
1 131.4715 143.77664 253
1 131.69273 144.35616 255
1 131.82271 144.16647 253
1 131.83783 143.77225 253
1 131.80406 144.03629 255
1 131.67381 144.16647 255
1 131.95322 143.72925 255
1 131.70667 144.1356 253
1 131.7174 144.18546 255
1 131.8148 144.07431 253
1 131.73747 143.86835 253
1 131.80019 144.19632 253
1 131.72223 143.70734 255
1 131.73524 144.754 255
1 131.89084 143.83977 255
1 131.83931 143.91264 253
1 132.06255 144.0369 253
1 131.84439 143.81372 253
1 132.18605 144.04248 253
1 132.1618 144.11856 253
1 131.97365 143.5903 253
1 132.13158 144.04181 253
1 131.9368 143.60054 253
1 132.10255 144.63943 253
1 132.05792 144.20952 253
1 132.05455 143.89975 255
1 132.07504 144.4333 253
1 132.00536 143.89055 253
1 132.31807 143.91995 253
1 131.92592 144.64798 253
1 132.21236 144.51166 253
1 132.0275 144.13792 253
1 132.01498 144.15121 253
1 131.97473 143.74362 253
1 132.14787 143.829 253
1 132.07562 144.12384 253
1 132.27098 144.13658 253
1 132.01047 143.89589 255
1 132.2375 144.59996 253
1 132.17482 144.30295 253
1 132.04099 144.07617 253
1 132.22014 144.43083 253
1 132.12613 144.25229 253
1 132.2768 144.24515 253
1 132.23087 143.83987 255
1 132.17682 144.15912 253
1 132.33923 144.1378 255
1 132.4403 144.43817 253
1 132.5459 144.55109 255
1 132.24759 144.50653 253
1 132.66356 144.47255 255
1 132.53609 144.27676 253
1 132.2617 144.1581 253
1 132.51659 144.05278 253
1 132.44897 144.52924 253
1 132.41908 144.77559 253
1 132.69049 144.35419 253
1 132.57346 144.38971 253
1 132.61842 144.1732 253
1 132.80785 144.36823 253
1 133.01614 144.83368 255
1 132.6755 144.91951 255
1 132.80208 144.1062 253
1 132.95828 143.92578 253
1 132.99825 144.5939 253
1 132.81967 144.24721 253
1 133.0405 144.48146 255
1 133.04341 145.04413 255
1 133.0354 143.8289 255
1 133.069 144.41437 255
1 133.02267 144.32513 255
1 133.06216 144.85442 255
1 133.03171 144.06189 255
1 133.23755 144.28122 255
1 133.03676 143.7391 255
1 132.97311 143.8551 253
1 133.09135 144.34772 255
1 133.08473 144.55688 255
1 133.07973 143.87613 255
1 132.84985 144.4004 253
1 133.01924 144.35966 255
1 133.04527 144.72485 255
1 132.93555 144.20764 253
1 133.06335 143.97849 255
1 133.04257 144.16068 255
1 133.09541 143.91342 255
1 133.36876 144.14978 255
1 133.1674 144.49042 255
1 133.23068 144.06784 255
1 133.19348 144.18173 255
1 133.2638 144.1747 255
1 133.30336 144.17928 255
1 133.33559 143.77081 255
1 133.4875 144.3398 255
1 133.46263 144.28543 255
1 133.61562 144.01874 255
1 133.68924 144.05936 253
1 133.7284 143.98639 253
1 133.92482 144.28745 255
1 134.1568 144.23389 255
1 133.80338 144.69675 255
1 133.97961 144.27843 253
1 133.83301 144.16623 255
1 134.09084 144.12958 253
1 134.27512 144.55154 253
1 134.45993 144.1643 253
1 133.98346 144.40584 253
1 134.3249 144.4306 253
1 134.28345 144.41064 255
1 134.10078 143.94852 253
1 134.39032 144.36996 253
1 134.35211 144.30316 255
1 134.635 144.28659 255
1 134.40347 144.10889 255
1 134.54666 144.0822 255
1 134.57237 144.27469 253
1 134.54436 144.01865 253
1 134.62839 144.03673 255
1 134.51648 144.2268 255
1 134.37778 144.02737 253
1 134.50642 143.76373 253
1 134.35268 143.70233 253
1 134.67882 144.26328 253
1 134.75516 144.04625 253
1 134.72392 144.42368 253
1 134.50854 143.89926 255
1 134.48772 143.63922 255
1 134.7154 143.8746 253
1 134.72192 144.34921 253
1 134.62532 143.70628 253
1 134.72139 144.01074 253
1 134.8568 144.0191 253
1 135.12868 144.4398 255
1 135.2178 143.16832 255
1 135.25473 143.792 253
1 135.58087 143.61209 255
1 135.59409 143.92746 255
1 135.71927 144.33774 255
1 136.06355 144.45526 255
1 136.078