1 283.61356 160.82422 210
1 280.8339 160.9357 208
1 278.45782 159.4807 206
1 276.42465 157.07098 205
1 275.16348 154.62338 203
1 273.99966 152.98843 201
1 273.44333 150.15268 200
1 273.06006 148.80878 200
1 271.7025 147.54889 200
1 271.36932 147.5979 201
1 270.4855 148.28848 203
1 270.4649 149.03223 202
1 269.9079 149.84921 201
1 269.1014 151.10547 200
1 267.77057 152.17361 200
1 266.96198 152.9924 200
1 265.85086 153.87628 199
1 264.62576 154.1484 198
1 263.54172 155.14407 198
1 262.77634 154.85696 195
1 262.2351 155.13792 195
1 261.88553 154.92581 195
1 261.96143 154.9234 195
1 260.72385 153.4701 194
1 260.77338 152.77768 194
1 260.7877 152.97813 194
1 261.12674 154.23248 195
1 260.84824 154.82294 195
1 260.96332 156.22137 195
1 260.49036 156.13055 195
1 259.4636 156.3292 195
1 258.66077 154.65398 195
1 257.8727 154.18594 195
1 257.06525 153.90082 195
1 256.0271 153.55942 195
1 255.62633 153.71243 196
1 254.45924 152.88165 196
1 254.0037 153.30824 196
1 252.87231 152.98947 195
1 251.76955 152.76001 195
1 250.99484 151.52115 196
1 250.41058 150.917 196
1 249.4821 150.84543 196
1 248.83344 149.50266 196
1 247.96178 148.24313 196
1 247.77782 146.27402 196
1 246.99173 145.42334 198
1 245.79913 145.31409 198
1 245.12701 145.30771 199
1 244.06839 146.41786 200
1 242.87317 145.61917 202
1 241.49759 145.86087 205
1 240.82567 144.9856 207
1 239.9896 142.69382 210
1 238.8374 141.63272 212
1 237.35846 140.5286 215
1 236.42067 139.10498 216
1 235.4649 139.18161 219
1 234.94583 138.13501 220
1 234.66583 139.19139 222
1 232.82701 139.51898 223
1 231.75212 141.07793 225
1 230.18369 142.14206 226
1 229.64072 143.50667 228
1 228.72525 142.64586 229
1 228.0788 143.63635 231
1 227.64119 144.46436 234
1 227.00558 145.47115 232
1 226.26553 145.478 232
1 225.46098 146.57088 228
1 224.86441 146.4335 228
1 224.54713 144.56134 228
1 224.23404 143.36412 229
1 223.44438 141.75438 229
1 223.43022 140.43234 231
1 222.91135 139.70465 231
1 222.39395 140.83302 232
1 222.5242 140.4592 232
1 222.00168 140.65909 232
1 221.84286 141.02554 234
1 221.6005 141.19513 234
1 221.4453 140.14981 234
1 220.87204 138.7301 235
1 221.07515 136.96855 234
1 220.7977 135.31946 234
1 220.5564 135.92102 232
1 219.67017 136.66566 232
1 219.45541 137.22379 235
1 218.05872 137.41882 235
1 217.36871 136.741 237
1 215.99765 137.24896 237
1 215.02052 137.53217 240
1 213.85672 137.55325 244
1 212.86096 137.0609 246
1 211.20079 137.06477 249
1 209.62505 138.00421 251
1 207.43817 135.99626 253
1 205.31662 134.81381 255
1 202.85654 134.18869 257
1 200.58049 133.15573 255
1 198.46426 130.69672 258
1 196.56041 131.88028 258
1 194.76688 132.23746 258
1 193.3519 132.90074 260
1 192.2945 134.77643 260
1 191.39159 134.5213 262
1 190.57668 132.78859 264
1 190.46025 133.33194 266
1 191.05287 134.70096 266
1 191.70456 136.06348 269
1 192.30734 134.68042 271
1 192.89697 135.12344 273
1 192.78041 133.6774 275
1 193.33908 131.89897 277
1 194.57196 133.38626 277
1 195.87614 133.11115 282
1 197.24347 133.9442 282
1 198.96628 134.0518 286
1 200.07666 133.73087 289
1 202.08008 134.81644 294
1 203.22827 135.55669 294
1 205.04071 136.62955 296
1 207.19919 137.22797 301
1 208.78511 139.11469 304
1 209.74576 139.22144 304
1 211.26729 139.82587 307
1 212.85669 140.36688 307
1 214.00891 141.25508 307
1 215.23541 142.35693 310
1 216.47989 141.76694 310
1 218.09436 141.21584 312
1 219.41275 139.62848 310
1 221.17545 139.18086 312
1 222.94168 138.57846 312
1 223.5102 139.21918 315
1 223.90475 140.05505 315
1 224.10045 140.81862 315
1 224.5545 141.61375 315
1 224.69113 142.07501 315
1 224.9379 141.6626 318
1 224.92493 141.76822 318
1 225.34259 141.9497 318
1 225.69339 141.09325 318
1 225.66827 140.21286 318
1 225.63342 139.7041 318
1 225.6591 140.01862 318
1 225.87549 139.63895 318
1 225.66008 139.90997 318
1 225.23657 139.99057 321
2 589.75226 230.12659 169
1 225.06543 139.55103 321
2 583.99475 235.38077 166
1 225.06586 139.57047 321
2 576.2589 243.64714 165
1 224.56567 138.59132 321
2 569.3452 251.28105 165
1 224.70459 138.4921 321
2 560.7058 258.2704 156
1 225.33234 138.5936 321
2 553.3849 263.68607 157
1 225.16547 138.35457 321
2 544.6964 268.53818 159
1 225.35916 138.32768 321
2 539.92444 273.32812 168
1 225.2187 137.26103 321
2 534.01624 276.97708 170
1 225.1367 137.47932 321
2 528.8811 280.79553 173
1 225.03906 137.21344 321
2 524.3352 283.5404 173
1 225.21097 137.0394 321
2 520.53326 284.9719 175
1 224.94202 137.482 321
2 518.609 287.02502 175
1 224.99747 137.49597 321
2 518.7102 287.53363 175
1 224.67664 136.52783 321
2 516.7154 287.4248 176
1 224.47311 136.61652 321
2 517.91656 286.9505 176
1 224.20844 137.26855 321
2 517.89294 286.32108 176
1 224.16287 136.90765 324
2 517.34863 285.9854 176
1 224.07372 136.0279 321
2 517.6794 286.0343 176
1 224.19751 136.07289 324
2 517.5828 285.6236 176
1 224.30484 135.72467 324
2 519.3791 285.7919 176
1 224.09444 135.04909 324
2 520.32275 285.71588 176
1 224.10077 135.61234 324
2 521.76 286.13086 176
1 223.89404 133.93246 321
2 522.63477 286.13797 176
1 223.92578 135.70435 324
2 523.172 286.51373 175
1 223.53238 134.23453 324
2 523.1253 286.64606 175
1 223.638 134.60161 324
2 523.67816 287.01825 176
1 223.40729 133.04797 324
2 523.3164 287.00598 175
1 223.58908 133.67053 324
2 524.1415 287.6756 175
1 223.3844 132.72418 324
2 528.4365 285.74634 175
1 223.07556 133.09607 324
2 528.729 285.8204 175
1 223.10822 133.64392 324
2 529.4299 286.02975 175
1 223.27783 133.54529 324
2 529.5022 285.90152 174
1 223.24603 133.60568 324
2 529.46063 286.14758 175
1 222.65727 133.69643 327
2 529.5435 285.90927 174
1 222.8897 133.35974 324
2 529.30756 285.99188 174
1 222.57013 132.86966 324
2 530.04614 285.8784 174
1 222.74568 133.33589 324
2 530.0405 286.3569 174
1 222.73367 132.28476 324
2 529.4047 286.43497 174
1 223.56723 131.16391 327
2 529.6809 286.5612 175
1 223.76868 131.76547 327
2 529.918 286.18973 175
1 223.65268 133.28825 324
2 530.2507 286.49908 174
1 223.36742 132.414 324
2 530.15826 286.23062 174
1 223.418 132.38539 324
2 529.71295 286.57196 174
1 222.9721 133.20831 324
2 529.9822 286.2149 174
1 223.19919 132.76193 324
2 530.0166 286.547 174
1 223.22699 132.83228 327
2 529.9827 286.80176 174
1 222.32259 133.07465 327
2 529.64844 286.57755 174
1 223.55582 132.93002 324
2 530.54865 286.49304 174
1 223.90701 131.72647 327
2 529.6084 286.62708 173
1 223.75447 130.95422 327
2 529.6192 286.39398 174
1 223.69333 131.08133 327
2 529.32526 286.50153 174
1 223.93124 131.14304 327
2 530.0931 286.08765 174
1 223.71033 130.85956 327
2 529.4857 286.3971 174
1 224.03088 131.76945 327
2 529.8208 285.958 174
1 223.81564 130.54843 327
2 529.44867 286.47058 174
1 224.19037 129.68512 324
2 529.4197 286.19537 174
1 224.00162 130.32776 327
2 529.9457 286.53296 174
1 224.25264 130.18799 327
2 529.88684 286.69385 174
1 224.27805 129.63547 324
2 530.04395 286.71265 173
1 224.36902 130.28166 327
2 529.45386 286.53867 173
1 224.36966 129.27713 327
2 530.3943 286.75946 173
1 224.91234 129.3811 324
2 529.7421 286.60306 173
1 224.62054 129.93225 324
2 530.0209 286.8962 173
1 224.81412 129.67981 327
2 530.1576 286.86697 173
1 224.9201 129.2508 327
2 529.54376 287.00836 173
1 224.80786 128.78247 324
2 530.1263 287.03223 173
1 225.01985 128.29182 327
2 530.6504 286.84592 173
1 225.17183 129.23615 327
2 531.2435 286.86786 173
1 225.70306 128.48346 324
2 530.14026 287.28613 173
1 225.32681 128.85889 324
2 530.4436 286.93048 174
1 225.39853 128.12347 324
2 530.6871 286.97577 173
1 225.79282 128.60495 327
2 530.49677 286.90607 173
1 225.67296 128.87029 327
2 530.68286 286.90967 174
1 225.65051 128.7576 324
2 530.357 286.8755 173
1 225.84431 129.1462 327
2 530.2479 287.0896 173
1 225.91447 128.0328 327
2 530.64435 287.03687 173
1 225.94177 128.41855 327
2 531.4852 286.79202 173
1 226.19566 127.65974 327
2 530.5015 286.97943 173
1 226.0632 127.83083 327
2 531.42554 286.85413 173
1 226.45975 128.08551 327
2 531.0731 286.90244 173
1 226.83902 127.699684 327
2 531.0503 286.79315 173
1 226.7822 128.49472 327
2 531.3473 287.05234 173
1 226.91306 128.03572 324
2 530.90967 287.03827 173
1 226.55765 128.12524 324
2 531.00977 287.32336 173
1 227.07306 128.27365 327
2 531.37695 287.2107 173
1 227.5321 126.47881 327
2 530.7656 287.16217 173
1 227.81497 127.47436 327
2 530.94086 287.1619 173
1 227.68895 126.78486 327
2 531.0047 287.38855 172
1 227.36237 127.86066 324
2 531.2478 287.33646 173
1 228.03423 127.658615 324
2 530.98175 287.50812 173
1 227.73853 127.34498 324
2 531.5927 287.67657 173
1 227.9206 127.504715 324
2 531.93384 287.75287 172
1 228.01482 127.718994 324
2 531.67114 287.86142 172
1 227.94632 126.81536 324
2 531.36273 287.7003 172
1 228.22174 127.29837 324
2 531.65826 287.80124 172
1 228.61377 127.07694 324
2 531.7117 287.79163 172
1 228.50508 126.608696 324
2 531.7376 287.80505 172
1 228.58228 127.472946 324
2 531.58936 287.8333 173
1 228.57599 126.708115 324
2 531.93274 287.54932 173
1 228.41153 127.14849 324
2 531.96216 287.61975 172
1 228.72908 126.623436 321
2 531.5287 287.67798 172
1 228.42566 127.202324 324
2 531.45056 287.93393 173
1 228.73215 127.60035 324
2 531.5958 287.572 172
1 228.87938 126.345985 324
2 531.41064 287.99017 172
1 228.81784 126.28387 324
2 531.67755 287.78427 173
1 228.62292 126.1544 324
2 531.7097 288.02567 173
1 228.39853 127.69381 324
2 531.3855 287.90387 173
1 228.16815 127.63751 324
2 532.14703 287.8637 172
1 228.96576 127.27023 324
2 531.95044 287.71478 172
1 228.97293 127.05418 324
2 531.6081 287.93106 172
1 228.57306 126.80268 324
2 531.90466 287.80185 172
1 228.64554 126.94143 324
2 532.3209 287.6925 173
1 229.202 126.15091 324
2 531.55084 287.86517 172
1 228.52429 126.66871 324
2 531.6241 288.04285 173
1 228.71532 127.15673 324
2 532.03674 287.84946 172
1 228.91772 126.04416 324
2 531.8585 287.71866 172
1 228.70029 126.55049 324
2 532.87195 287.5428 172
1 228.80115 126.76613 324
2 532.1679 287.88522 173
1 228.52397 126.99854 321
2 531.8335 287.87735 172
1 228.76993 126.80113 324
2 532.1044 287.7757 172
1 228.17868 126.59165 324
2 531.6188 287.7417 173
1 228.92001 127.252335 321
2 532.07434 287.51755 172
1 228.51025 126.90289 324
2 531.89124 287.7657 173
1 229.03004 127.30836 324
2 531.99396 287.89508 173
1 228.25446 127.806526 324
2 531.6879 287.90976 173
1 227.95207 128.41699 324
2 532.00354 287.63388 173
1 227.46588 128.33487 324
2 532.27826 287.73718 173
1 228.08922 128.52002 324
2 532.19775 287.59842 172
1 228.1951 128.85524 324
2 531.8151 287.4474 173
1 228.21078 128.76608 324
2 532.2284 287.8032 173
1 227.74443 129.59996 324
2 532.14453 287.6392 173
1 227.8866 129.75345 324
2 531.7073 287.42023 173
1 227.35722 130.38736 324
2 531.9836 287.66336 173
1 227.1951 129.81032 321
2 532.0808 287.5901 172
1 227.58923 130.93213 324
2 531.89075 287.55896 173
1 227.63794 129.58594 321
2 532.0214 287.6218 172
1 226.97644 130.56192 324
2 532.1036 287.66302 172
1 226.94513 130.94795 324
2 532.22986 287.34845 172
1 226.83783 129.66779 324
2 531.9947 287.28754 173
1 226.81207 131.09363 324
2 532.26483 287.24472 172
1 226.98323 130.63333 321
2 531.8883 287.66458 173
1 227.00803 130.55594 321
2 531.96277 287.21494 172
1 226.99551 131.5471 321
2 532.21704 287.3091 172
1 226.38797 131.98102 324
2 531.8231 287.06085 172
1 227.03864 132.14017 321
2 532.3878 287.44717 172
1 226.81343 131.52124 324
2 532.13574 287.16272 172
1 227.13934 130.9856 321
2 531.7547 287.29272 173
1 227.29634 130.54839 321
2 532.32526 287.4507 172
1 227.28937 130.72495 321
2 532.3722 287.23584 172
1 227.30267 130.9784 321
2 532.79443 287.2691 172
1 227.6937 130.56638 321
2 531.82043 287.32117 172
1 226.49843 131.98795 321
2 532.4036 287.25122 172
1 225.43716 132.94427 321
2 532.2144 287.45743 172
1 225.6695 133.90875 321
2 532.61975 287.06393 172
1 225.43275 133.79149 321
2 531.4639 287.62347 172
1 225.42107 133.2236 321
2 531.61316 287.47974 173
1 225.74298 132.8789 321
2 531.79565 287.4546 173
1 225.53726 133.34395 318
2 531.73145 287.55676 172
1 227.03308 132.48645 321
2 530.9625 287.5362 172
1 226.36566 132.59128 321
2 531.2221 287.85605 172
1 225.23254 133.17096 321
2 531.4656 287.76447 172
1 227.24902 131.44336 321
2 531.9021 288.02353 172
1 226.6706 132.55327 321
2 531.26404 287.91925 172
1 227.69254 130.85306 321
2 531.20294 288.11075 173
1 226.9455 131.7186 321
2 531.6705 288.4196 172
1 227.0682 131.42027 321
2 530.94885 288.26685 173
1 226.70169 131.86078 321
2 531.16174 288.29022 172
1 227.19955 131.71109 321
2 531.3731 288.57928 172
1 227.24568 131.5794 321
2 530.7798 288.30823 173
1 227.27386 131.0639 321
2 531.6051 288.367 172
1 226.10999 131.51082 321
2 530.48926 288.18326 173
1 226.1253 130.79764 321
2 531.56445 288.71002 172
1 225.758 130.66571 321
2 530.434 288.6749 173
1 227.01718 130.42087 321
2 531.56604 288.558 172
1 226.96594 130.50647 321
2 531.68945 288.93695 173
1 226.93729 129.88116 321
2 531.12585 288.66534 173
1 226.35205 130.74844 321
2 531.76447 288.52136 173
1 226.18414 129.9882 324
2 531.24756 288.2631 173
1 225.73157 130.17886 321
2 531.16956 288.62433 172
1 224.65977 130.6173 321
2 531.40765 288.42743 173
1 223.45981 131.02165 321
2 530.82275 288.4625 173
1 223.30804 130.28093 321
2 531.3711 288.33334 173
1 224.12442 130.05853 321
2 532.6197 288.57318 173
1 222.73416 130.95052 321
2 532.11957 288.08667 172
1 222.55746 130.4818 318
2 532.26465 288.35095 172
1 222.10614 131.26927 318
2 531.57666 288.1645 173
1 222.38878 130.65233 321
2 531.8141 288.38702 173
1 222.64494 130.15945 321
2 531.61633 288.2974 173
1 222.24146 130.87003 321
2 531.912 288.32208 173
1 222.89616 128.95609 321
2 533.1322 287.96 173
1 223.29613 128.17809 321
2 532.40076 288.00616 173
1 221.69128 131.13098 321
2 532.47266 288.26724 173
1 222.2971 130.58144 321
2 532.5157 287.9606 172
1 221.79831 130.91031 321
2 532.83167 288.19327 173
1 221.56548 132.03506 321
2 532.7367 288.20807 173
1 221.74637 132.13788 321
2 532.7371 288.12625 173
1 224.94272 125.78235 321
2 533.1549 287.86517 173
1 224.89272 126.29339 324
2 532.17004 288.17764 173
1 225.54138 126.92135 324
2 532.36707 288.13486 173
1 225.09207 126.84826 324
2 532.5238 288.26443 172
1 225.39642 127.232666 324
2 532.4734 288.1977 173
1 225.42169 126.12901 324
2 532.8905 288.09918 173
1 225.21115 123.19913 327
2 532.68976 288.32443 173
1 226.29141 123.44791 324
2 532.6072 287.84985 172
1 225.77829 123.16073 324
2 533.0677 287.99854 173
1 225.67969 123.62433 321
2 532.66595 287.87952 173
1 225.37244 123.61323 321
2 532.23816 288.12418 173
1 224.69382 123.35219 321
2 533.19116 288.1958 173
1 224.09439 123.13341 321
2 532.5868 288.0333 173
1 223.49475 120.90191 321
2 532.66833 288.06366 173
1 223.71974 121.723274 321
2 532.6966 288.25024 172
1 223.67125 120.45558 324
2 532.78406 287.953 172
1 222.57431 121.57413 324
2 532.7004 288.15295 172
1 222.53891 121.86217 324
2 533.5449 288.07196 173
1 222.70052 121.60858 321
2 533.50183 287.92447 173
1 222.87997 122.84716 324
2 533.2854 287.94635 173
1 223.33041 122.25472 324
2 533.34906 287.8828 173
1 222.62039 121.651245 324
2 533.5307 288.10446 173
1 223.50308 121.88377 324
2 533.28076 288.06406 173
1 223.38354 122.37381 324
2 533.4036 288.27655 173
1 223.45059 121.850334 327
2 533.7803 287.8806 172
1 224.25867 121.71253 327
2 533.158 288.32172 173
1 224.6081 120.80347 327
2 533.6146 287.89084 172
1 224.03073 120.550285 327
2 533.3716 288.0984 173
1 224.05685 121.08972 327
2 533.0622 288.21027 173
1 224.72237 120.65883 327
2 533.5609 288.2232 173
1 224.55551 120.814514 327
2 533.7459 288.05707 173
1 224.66241 120.93206 327
2 533.0315 288.3116 173
1 224.98846 121.2314 327
2 533.09186 288.48877 173
1 225.57228 121.24671 327
2 532.9231 288.20676 172
1 225.10138 121.1499 327
2 532.7614 288.2356 172
1 224.90303 121.528366 327
2 533.49774 288.13208 173
1 225.28326 123.378586 327
2 532.9264 288.34158 173
1 224.09375 121.34331 327
2 533.2619 287.98953 173
1 224.35751 122.15711 327
2 533.2239 288.22745 173
1 224.84207 121.88348 327
2 533.19226 288.063 173
1 225.39117 122.37856 327
2 533.2457 287.8778 173
1 224.69934 121.995026 327
2 533.32935 288.23676 173
1 224.67877 122.29364 324
2 533.4276 288.01437 173
1 225.02568 122.83698 324
2 533.4895 287.95837 173
1 225.35165 122.23114 327
2 533.2483 287.88593 173
1 225.17175 122.37673 327
2 533.1729 288.2163 173
1 224.28564 122.47037 324
2 533.2816 288.27176 173
1 224.55936 123.48874 327
2 533.15283 288.16745 173
1 224.7478 123.908226 324
2 533.54156 287.9402 173
1 224.73895 123.348 327
2 533.2611 288.08072 173
1 224.62407 123.83924 324
2 533.54126 288.3598 173
1 224.44691 123.37101 324
2 533.5435 288.244 173
1 225.44763 122.93542 327
2 533.67285 288.63116 173
1 224.75299 123.77255 324
2 533.5866 288.35364 174
1 224.95401 124.04691 324
2 532.9971 288.45868 173
1 225.42609 122.862854 324
2 533.2914 288.63467 173
1 224.63954 123.274796 324
2 533.80505 288.31363 173
1 225.18617 123.2202 324
2 533.46704 288.30048 173
1 225.43103 123.771545 324
2 533.5606 288.54492 173
1 225.61507 124.09117 324
2 533.26306 288.29367 173
1 225.75574 123.71176 324
2 533.06915 288.79346 173
1 226.14075 124.112305 324
2 533.6667 288.5126 173
1 225.64006 122.887146 324
2 533.31744 288.5877 173
1 225.76682 124.060905 324
2 532.9347 288.32605 173
1 225.56192 124.38557 324
2 533.3343 288.42627 173
1 226.3949 124.2671 324
2 532.8384 288.3644 173
1 225.54108 124.055305 324
2 533.49884 288.584 173
1 226.11398 124.55118 324
2 533.04785 288.36548 173
1 226.35825 123.858086 324
2 532.8956 288.39624 173
1 225.93954 123.57725 324
2 533.52826 288.16888 173
1 225.48032 123.962616 324
2 533.4897 288.27795 173
1 226.42651 123.8674 324
2 533.1742 288.21164 173
1 225.98303 124.051056 324
2 532.9857 288.2732 173
1 225.71292 124.2714 327
2 533.53174 288.36032 174
1 226.16107 123.70503 324
2 533.00446 288.2757 173
1 226.5542 123.8879 324
2 533.2744 288.27133 173
1 226.12376 123.24633 324
2 533.6125 288.12134 174
1 226.59604 123.20614 324
2 533.8502 288.30304 173
1 226.42943 122.97865 324
2 533.3576 288.35287 174
1 226.3183 123.39791 327
2 533.28564 288.41727 174
1 226.525 122.532166 327
2 533.24384 288.13348 173
1 226.58893 123.32454 324
2 533.7429 288.3422 173
1 226.13107 123.25368 324
2 533.29144 288.4387 173
1 226.80844 122.999016 324
2 533.3607 288.3026 173
1 227.11383 121.718216 327
2 533.24945 288.20404 174
1 226.67293 122.91988 324
2 533.52954 288.42856 173
1 226.86935 122.96858 324
2 533.4481 288.28275 174
1 227.28171 122.933815 324
2 534.01874 288.14093 172
1 227.24213 121.729294 327
2 533.69885 288.22928 173
1 226.92618 122.06105 324
2 533.4811 288.0254 174
1 227.46304 122.08968 324
2 533.8435 288.34854 173
1 227.52812 121.761345 327
2 533.0919 288.0617 174
1 227.61359 121.34474 327
2 534.0034 288.3896 173
1 227.40305 122.49749 324
2 533.8062 287.97104 173
1 228.08646 121.29343 327
2 533.7626 288.23297 173
1 228.13962 121.40521 327
2 533.26697 288.35275 174
1 227.98425 120.79155 327
2 534.43005 287.84756 172
1 228.57928 120.29556 327
2 533.7479 288.03452 173
1 228.26884 122.141975 324
2 533.76935 288.1349 174
1 228.16644 121.06301 324
2 533.84033 288.25092 174
1 227.69458 121.47529 327
2 533.1284 288.3153 173
1 228.10326 121.38276 324
2 533.7595 288.12305 173
1 228.7738 122.57043 327
2 533.7283 288.08774 173
1 228.8116 121.483185 327
2 533.7799 288.427 173
1 229.44952 121.39024 324
2 534.0054 288.27814 173
1 229.33855 119.39967 327
2 533.6188 288.2028 173
1 229.01962 120.64391 324
2 533.4761 288.5016 173
1 229.55806 120.2723 324
2 533.52576 288.34198 173
1 228.98477 121.465 327
2 533.3612 288.2869 174
1 229.0249 121.186195 327
2 534.60095 288.332 173
1 230.23663 121.36005 327
2 533.573 288.54584 173
1 230.39658 120.963394 327
2 534.3545 288.55417 173
1 229.8915 121.71643 324
2 533.45465 288.60977 173
1 230.03506 122.662605 327
2 533.8218 288.46548 174
1 230.47275 121.03177 327
2 533.99365 288.77567 173
1 230.23145 121.918236 324
2 533.87634 288.4414 174
1 230.67969 122.70062 324
2 533.6658 288.78754 173
1 230.5451 122.24305 324
2 533.5961 288.54343 173
1 231.12717 121.976456 324
2 534.14734 288.29205 173
1 230.59244 122.58308 324
2 533.7224 288.65915 174
1 231.1388 121.77017 327
2 533.8234 288.35748 173
1 230.85583 123.509735 324
2 534.1408 288.21155 173
1 231.0773 122.857025 327
2 534.08984 288.46024 173
1 231.38388 123.02275 327
2 533.4029 288.48035 174
1 231.21811 123.34248 327
2 533.93365 288.82944 174
1 231.37128 123.55073 327
2 534.0447 288.52475 173
1 231.35666 123.42625 327
2 533.6533 288.82397 174
1 230.72896 123.88788 327
2 533.9292 288.27032 174
1 231.57018 123.492905 327
2 533.5575 288.19708 174
1 232.11147 123.00551 324
2 534.0117 288.28714 173
1 231.00327 123.44513 324
2 533.2285 288.40488 174
1 231.7875 123.55345 324
2 533.2782 288.35327 174
1 231.14459 123.549126 324
2 533.6092 288.06326 173
1 231.39346 123.82945 324
2 533.9975 288.122 173
1 230.54828 124.27946 324
2 533.83813 288.07358 174
1 230.99417 123.51323 324
2 533.754 288.2625 173
1 231.04657 123.893654 324
2 533.51074 288.45416 174
1 231.43875 123.95175 324
2 533.52313 288.44128 174
1 231.11667 123.88594 327
2 533.759 288.38412 174
1 231.1384 123.97915 324
2 533.6926 288.25824 174
1 231.06891 122.43011 324
2 533.8118 288.27118 174
1 231.10779 123.57324 324
2 533.94714 288.21838 173
1 230.67673 123.4064 324
2 533.68713 288.12524 174
1 230.16318 124.73925 324
2 534.26697 288.01923 173
1 230.71698 123.130295 327
2 533.49915 288.46353 174
1 230.37231 124.59802 324
2 533.9625 288.13132 174
1 230.39374 124.63846 327
2 534.44385 288.21097 173
1 230.53088 124.516426 327
2 533.6643 287.8276 173
1 230.8995 123.92292 324
2 533.823 288.3438 174
1 230.77731 123.51347 327
2 533.60406 287.94705 174
1 230.35359 125.978546 324
2 533.91876 288.1698 174
1 230.37076 124.37786 324
2 533.756 287.82104 174
1 229.71126 125.154816 324
2 534.5413 288.07565 173
1 230.27667 124.500984 324
2 533.84717 287.88013 173
1 230.65776 125.63391 324
2 534.1102 288.25757 173
1 230.39374 124.8521 324
2 533.3805 288.0667 173
1 230.52487 124.50409 324
2 534.08704 288.21695 173
1 230.0362 123.98161 327
2 534.03394 288.2814 173
1 229.90552 125.52188 321
2 534.02216 288.17865 173
1 230.64423 124.18116 324
2 533.97266 288.08295 173
1 230.29724 125.37583 321
2 533.83325 288.43423 174
1 230.04082 125.893074 321
2 534.0223 288.4137 173
1 230.41345 127.139786 321
2 533.4178 288.48358 173
1 230.4578 125.83505 321
2 533.89136 288.77048 173
1 230.59604 126.827705 318
2 533.7052 288.48 174
1 230.25777 127.12703 318
2 534.0557 288.66113 173
1 230.33432 127.6158 318
2 534.00195 288.04907 173
1 230.80179 128.61978 315
2 534.3313 288.65918 173
1 231.06848 127.757965 315
2 533.57434 288.4276 173
1 230.89882 128.29904 315
2 534.08777 288.21353 173
1 230.908 127.93897 315
2 533.9365 288.00214 174
1 231.2084 129.25293 318
2 534.41675 288.54388 173
1 230.99857 129.78082 318
2 533.80554 288.27866 173
1 231.09262 130.00755 318
2 533.64514 288.30606 174
1 231.67879 131.4212 318
2 533.9762 288.35938 174
1 231.59158 131.3128 321
2 533.834 288.74005 174
1 232.31235 132.29483 324
2 533.952 288.73877 174
1 231.79216 132.64388 324
2 534.0936 288.45474 173
1 232.08282 134.17249 324
2 534.14355 288.55472 173
1 232.17899 134.86583 324
2 534.1073 288.73038 173
1 232.84671 134.06737 324
2 534.06506 288.4023 173
1 233.63123 135.06908 324
2 533.94073 288.63507 174
1 233.02495 136.50278 324
2 534.329 288.2656 173
1 233.8351 136.03766 324
2 534.44434 288.54105 173
1 233.34296 136.97359 324
2 534.0399 288.56955 173
1 233.3091 137.11359 324
2 533.8931 288.66125 174
1 233.04984 138.9224 324
2 534.3433 288.34473 173
1 232.3754 137.58589 324
2 534.63776 288.34375 173
1 232.62 137.3518 324
2 534.1737 288.3762 173
1 232.24493 138.22607 324
2 534.31793 288.6892 173
1 232.0529 138.1866 324
2 534.2909 288.66318 173
1 231.65588 139.11414 324
2 534.52747 288.54474 173
1 231.96793 137.93457 324
2 534.5276 288.5309 173
1 231.61087 137.19032 324
2 534.4393 288.70663 173
1 231.4927 137.19736 324
2 533.86145 288.3265 175
1 231.47092 136.1608 324
2 534.3562 288.5371 173
1 231.05894 136.78856 324
2 534.41833 288.3627 173
1 230.47818 136.9721 324
2 534.1074 288.35583 173
1 230.67102 137.15417 324
2 533.7832 288.38718 173
1 230.3859 136.83916 321
2 533.91284 288.41025 173
1 230.7216 137.0986 324
2 534.34973 288.3949 173
1 230.4457 135.56207 321
2 534.6117 288.27985 173
1 230.70235 135.5377 321
2 533.61194 288.22806 174
1 230.62573 136.25548 321
2 533.77905 288.40073 174
1 230.40642 136.32135 321
2 533.99316 288.62857 174
1 230.42862 136.45372 321
2 533.60376 288.31683 174
1 230.8075 135.83702 321
2 533.88873 288.4125 173
1 230.79868 136.41243 321
2 533.8323 288.42557 174
1 231.06741 136.55219 321
2 533.88086 288.43927 173
1 230.75232 135.6218 321
2 533.9214 288.6056 173
1 230.3143 136.099 321
2 533.873 288.55856 174
1 230.79095 135.99388 318
2 533.57996 288.62567 174
1 230.74808 136.50551 321
2 533.7308 288.29633 174
1 230.77315 136.60605 318
2 533.9867 288.3392 174
1 230.6626 137.84277 321
2 533.5002 288.43225 174
1 230.3602 137.7599 318
2 533.2192 288.55325 174
1 230.134 137.21246 321
2 533.3201 288.40192 174
1 230.43831 137.12622 318
2 533.55316 288.42316 174
1 230.5057 136.87997 318
2 533.71063 288.309 174
1 230.3093 137.65913 318
2 533.67505 288.4129 174
1 230.25739 136.09567 318
2 533.91394 288.38565 173
1 230.52936 134.9515 318
2 533.6576 288.43268 174
1 230.76025 134.49121 318
2 533.54675 288.52606 174
1 231.17496 134.32806 318
2 533.3722 288.30865 173
1 231.57608 133.47511 318
2 533.427 288.3872 174
1 231.7009 133.8583 318
2 533.1964 288.57678 174
1 231.97354 132.1449 318
2 533.77435 288.46588 173
1 232.72266 131.89001 318
2 533.9076 288.55182 173
1 233.39264 131.78677 318
2 533.6244 288.51996 173
1 233.44232 131.3341 318
2 533.7263 288.33453 173
1 233.8992 131.92209 315
2 533.55914 288.35815 173
1 234.8147 130.68637 315
2 533.2439 288.58997 174
1 235.46844 130.07831 315
2 533.6137 288.36597 174
1 236.51642 130.1981 315
2 533.4444 288.3053 174
1 237.37135 131.39987 315
2 533.6655 288.32816 174
1 238.72574 130.22208 315
2 533.41656 288.4303 174
1 240.19293 130.4093 315
2 534.1438 288.6202 173
1 240.91821 129.94136 312
2 534.1251 288.4328 173
1 242.74728 129.87305 312
2 534.0676 288.39172 173
1 244.46683 129.36516 312
2 533.7083 288.56018 174
1 246.59482 129.83228 312
2 534.0488 288.42673 173
1 249.56604 129.53455 312
2 534.004 288.44516 173
1 252.49124 131.79613 312
2 533.9804 288.47824 174
1 255.41382 132.14178 310
2 534.24146 288.69736 173
1 259.3557 134.75446 312
2 533.8947 288.8437 174
1 263.51166 135.93384 312
2 533.8803 288.6537 174
1 267.61 137.99487 312
2 534.26965 288.55173 173
1 272.89792 139.04834 315
2 534.03296 288.53925 173
1 278.23212 139.83273 315
2 534.29584 288.5161 173
1 284.21655 141.24628 315
2 533.73065 288.52356 174
1 291.049 140.1083 315
2 534.2106 288.63324 173
1 297.99564 139.41782 312
2 534.03973 288.50455 173
1 305.32587 138.8688 310
2 534.0416 288.68387 173
1 312.4869 139.80833 307
2 533.36926 288.0059 174
1 319.69095 141.26582 307
2 534.3961 288.5011 173
1 328.60562 141.32074 304
2 533.98773 288.63797 174
1 339.6886 137.93018 310
2 533.57776 288.7375 174
1 349.8277 134.16199 310
2 534.30927 288.64728 173
1 360.54623 135.86377 307
2 534.56525 288.56882 173
1 374.7521 139.35129 307
2 533.8969 288.55182 174
1 389.52734 140.44656 304
2 534.19727 288.74878 173
1 401.9292 141.97018 304
2 534.1659 288.94894 173
1 413.96048 143.99268 307
2 534.09595 288.64252 173
1 424.99106 144.31848 307
2 534.36536 288.56604 173
1 437.62326 143.28452 301
2 534.68524 288.1424 173
1 450.26355 142.78784 299
2 534.0045 287.47614 173
2 535.79785 287.43192 173
2 536.3499 283.98514 173
2 537.32776 282.96042 173
2 538.45337 279.12167 162
2 542.2948 274.89453 158
2 549.2849 271.2773 154
2 553.88916 266.21497 153
2 561.1841 261.7558 174
2 570.2663 256.31116 173
2 571.0716 231.26497 137
2 597.3887 212.33731 130
2 618.66956 144.51486 144
2 588.9869 94.857666 294
2 593.1213 95.4086 291
2 593.7666 93.076996 294
2 593.8361 92.24393 294
2 593.0878 91.10075 291
2 592.33527 91.17697 289
2 591.8377 91.11908 289
2 591.4176 90.21025 286
2 591.10254 89.964615 286
2 590.3139 88.97514 286
2 590.3397 88.88968 289
2 589.95856 89.17911 289
2 589.3105 88.40387 289
2 588.77374 87.95999 289
2 587.8828 87.86684 289
2 587.84406 87.75757 291
2 588.595 88.14984 289
2 588.739 88.93887 291
2 589.9437 89.52106 289
2 590.932 89.94418 291
2 591.8505 90.79378 291
2 591.7881 90.63345 291
2 591.94434 90.571106 291
2 590.88074 89.88873 291
2 591.3165 90.84155 291
2 591.2518 90.8103 291
2 590.4391 91.00639 291
2 588.94904 90.40964 291
2 588.24255 90.85751 291
2 587.10223 89.65077 291
2 586.2107 89.97502 291
2 586.2545 89.58118 291
2 586.26965 89.31804 291
2 586.0907 89.174774 291
2 585.5845 88.495834 289
2 585.45557 89.37511 294
2 584.6217 88.48274 294
2 585.0836 89.313675 294
2 584.17285 88.36507 294
2 583.639 88.52547 296
2 583.0858 88.62088 294
2 582.7971 87.971054 294
2 582.45825 88.697556 294
2 582.08905 87.686874 296
2 581.9289 88.267166 296
2 581.73315 87.233505 296
2 580.8998 86.424194 299
2 580.1102 85.40822 299
2 579.562 85.95531 299
2 579.3335 85.59424 299
2 579.0358 85.49098 299
2 578.34863 84.93677 299
2 578.13184 85.305115 299
2 577.5929 83.28395 299
2 576.20233 83.63728 299
2 576.6201 84.12109 299
2 575.6655 84.07562 299
2 575.8577 84.2876 299
2 575.37805 84.20041 299
2 575.1036 84.19423 299
2 575.50366 84.58887 299
2 575.56287 85.03099 299
2 575.04626 85.90698 299
2 574.9546 85.334595 301
2 574.4859 87.29442 301
2 573.8045 87.27704 301
2 573.6327 87.28212 301
2 573.0554 86.62862 304
2 571.9037 88.14899 301
2 571.2853 87.18112 301
2 570.3462 87.65288 301
2 568.80444 87.26692 304
2 568.0832 86.68826 304
2 565.9087 87.11928 307
2 565.27026 86.94884 304
2 563.8727 86.90149 304
2 563.1759 86.0932 304
2 561.34406 86.69081 304
2 560.94977 86.422165 307
2 559.2431 86.522934 307
2 558.98425 86.26755 307
2 557.12006 86.47055 307
2 556.68805 85.5793 310
2 555.895 85.486145 310
2 553.9076 84.546936 310
2 554.1181 84.89839 310
2 553.3287 83.793884 310
2 552.5564 83.342926 310
2 550.78735 82.50183 310
2 550.28687 81.84004 310
2 548.61115 81.68704 312
2 548.3895 80.345 312
2 547.8508 79.48485 310
2 547.74884 78.2133 312
2 546.2905 77.76349 312
2 546.7306 77.38188 312
2 545.9785 78.114944 312
2 546.5852 79.02693 312
2 546.81976 79.5231 310
2 547.44165 79.35393 312
2 546.76154 78.96683 310
2 546.68835 79.210266 310
2 547.3621 79.71948 310
2 546.9348 79.58528 310
2 547.78784 78.600235 310
2 549.11334 79.05603 307
2 549.65784 77.65111 310
2 550.1142 77.730286 310
2 551.56726 77.17651 307
2 552.31384 76.99016 307
2 553.2978 78.07007 304
2 553.7322 78.06297 307
2 555.1128 77.96571 307
2 553.9713 78.05243 304
2 554.8867 78.691055 301
2 553.5071 78.30397 301
2 553.2742 79.08264 304
2 551.7801 79.94592 301
2 551.2161 78.23923 301
2 548.7233 77.35086 301
2 546.8879 77.219406 301
2 544.3115 77.189514 299
2 541.1037 76.86345 299
2 538.50916 77.98685 299
2 535.4012 79.58099 299
2 532.88776 82.28166 299
2 529.5149 85.999985 299
2 527.22974 91.56438 301
2 525.3943 96.44504 301
2 523.7852 101.55521 307
2 524.19714 120.16631 301
2 524.80084 134.13571 299
2 518.7434 138.6215 296
2 512.53906 136.99411 296
2 507.98404 140.83403 296
2 503.71594 145.83786 294
2 499.42773 151.47626 294
2 494.86002 153.79878 294
2 489.51312 156.2826 294
2 484.5548 156.32213 291
2 479.6209 156.56024 289
2 474.97458 155.91225 289
2 470.32205 155.93112 289
2 464.9932 153.69397 286
2 458.9733 153.68832 284
2 451.81848 152.57806 284
2 445.4384 150.57211 282
2 436.93405 147.62393 279
2 428.3537 148.13618 277
2 418.2517 144.74713 275
2 408.4173 142.64691 275
2 396.65436 144.32036 271
2 384.58203 147.69551 269
2 372.13367 151.06364 269
2 359.13068 154.86018 271
2 346.65533 157.44643 273
2 334.20776 158.76575 277
2 321.2281 159.42856 275
2 307.03085 157.43414 275
2 296.39844 157.76147 266
2 286.03806 158.41803 258
2 274.77188 162.60403 255
2 209.18301 152.19696 240
2 199.88861 147.07304 237
2 193.79115 144.22502 237
2 185.83713 145.94675 237
2 179.9139 146.13885 234
2 173.16191 147.02888 232
2 167.62035 147.98369 231
2 161.3102 150.08627 228
2 154.7178 148.93372 225
2 149.22464 149.8016 223
2 141.76949 147.67938 219
2 135.56593 145.44174 216
2 128.49458 142.26416 215
2 121.89995 140.16507 214
2 115.35736 136.52286 214
2 109.576096 137.23352 214
2 104.56822 143.07956 214
2 99.34972 149.57278 211
2 93.43379 153.56694 210
2 89.85542 152.26016 210
2 87.47122 150.88191 210
2 84.81592 150.21378 208
2 83.03104 149.4642 208
2 81.02919 148.59099 208
2 78.9104 148.49869 210
2 77.011856 147.72589 210
2 75.45169 146.5159 210
2 73.9984 146.35023 210
2 72.20485 146.2575 210
2 70.48529 146.2492 210
2 69.37695 146.81735 210
2 67.37918 146.31573 208
2 65.92552 147.3079 208
2 63.667816 148.01532 208
2 61.572754 150.29959 208
2 57.85498 151.15192 206
2 56.61557 153.1356 206
2 55.055756 154.56699 206
2 54.2536 156.53842 207
2 53.943817 157.6832 207
2 54.00711 158.96324 208
2 54.552856 159.93936 208
2 55.40341 160.3217 208
2 57.019073 160.37411 210
2 58.45459 160.88116 207
2 59.476196 161.93825 205
2 60.166626 163.43314 202
2 60.81375 164.6594 200
2 61.38623 164.10822 198
2 62.178345 163.65402 194
2 62.136414 163.95563 193
2 63.004578 164.19308 191
2 62.1463 163.77954 189
2 60.598846 164.59721 188
2 59.376648 164.3305 186
2 58.210358 165.49762 184
2 57.412018 166.78217 182
2 56.476807 170.12929 179
2 55.77301 171.25076 206
2 54.163635 174.1477 201
2 52.47531 175.6641 198
2 50.70578 177.51462 194
2 48.852814 180.66269 191
2 46.470337 181.6529 188
2 44.618652 183.81018 187
2 43.469147 185.74748 189
2 41.553986 187.40259 187
2 39.591522 186.21823 184
2 38.51535 186.68097 180
2 36.18448 189.63165 179
2 34.97351 190.73141 176
2 33.366882 189.27629 174
2 32.713287 189.86499 173
2 31.943878 190.4597 172
2 31.115875 193.043 172
2 30.788483 192.83923 171
2 30.983307 195.56525 170
2 31.741394 196.24724 169
2 32.350555 194.55626 169
2 33.176666 195.4018 169
2 33.89276 194.61586 169
2 33.90222 193.86844 168
2 34.26584 193.29834 168
2 34.633057 193.33014 166
2 35.390198 192.9861 166
2 35.352814 192.82182 166
2 35.86447 193.01683 167
2 36.06131 192.35489 167
2 35.892914 192.27701 167
2 36.038086 190.96518 166
2 36.14337 190.06721 166
2 36.05423 189.39165 166
2 35.92871 189.89127 166
2 36.12982 189.02313 166
2 35.90744 186.77394 166
2 35.80725 184.08493 166
2 35.891785 180.50165 168
2 32.915985 192.04465 168
2 32.25052 195.96298 168
2 33.010803 191.46822 168
2 33.28421 189.5591 168
2 32.257416 193.3839 168
2 31.022888 200.94107 169
2 31.137024 201.64107 169
2 30.67868 202.1326 170
2 31.192535 202.60362 169
2 31.814453 202.70522 170
2 31.848602 202.69269 170
2 32.356842 200.40811 169
2 33.032684 199.96556 170
2 33.84204 199.69757 170
2 34.281677 200.92686 171
2 34.99713 200.90076 172
2 35.451447 200.86719 171
2 36.19522 200.09927 172
2 36.69568 200.3197 172
2 37.218445 199.12317 172
2 37.681885 200.34296 151
2 38.08206 200.64345 175
2 38.71814 200.20244 151
2 38.935547 199.64838 151
2 38.96216 198.49174 151
2 39.014587 197.63037 150
2 38.7782 197.59555 150
2 38.38257 198.46222 172
2 38.04648 199.22493 172
2 37.43695 200.049 171
2 37.21585 200.9678 170
2 37.02939 200.83337 170
2 37.19507 199.034 169
2 36.743103 199.74599 170
2 36.935883 199.73344 170
2 36.998535 200.05347 171
2 36.93524 200.2557 171
2 36.871124 200.73364 171
2 37.125977 200.26808 170
2 37.430176 200.7197 170
2 37.63495 200.81898 170
2 38.194153 200.73906 170
2 38.641235 201.57599 171
2 38.33548 201.65277 171
2 38.398743 201.62564 171
2 38.490448 201.11513 170
2 38.22406 204.1591 170
2 37.896423 202.88943 169
2 37.98764 205.12181 169
2 38.06711 205.84055 169
2 38.41037 208.17502 169
2 44.745514 184.43521 165
2 40.96759 189.88638 166
2 38.020508 202.59395 168
2 38.85611 222.32831 167
2 37.429504 205.95255 169
2 38.056274 205.68051 169
2 38.51941 205.16873 168
2 39.200317 205.7665 169
2 39.88266 203.73163 169
2 41.023193 202.3484 168
2 41.75403 202.5062 169
2 42.41815 203.73149 169
2 42.97763 202.86974 169
2 43.32617 201.868 169
2 42.90213 198.21866 169
2 42.186188 196.66466 169
2 40.984467 198.2189 169
2 40.1709 195.47961 169
2 39.140076 196.31644 169
2 38.500122 198.59694 169
2 37.572357 198.76613 169
2 37.431976 200.60446 170
2 37.32715 201.85916 169
2 37.220734 202.19987 169
2 37.373627 202.53246 169
2 37.49997 202.14323 169
2 37.756287 201.10983 169
2 37.94629 201.92545 171
2 38.30429 202.43387 171
2 38.50891 202.14182 170
2 38.674835 201.38786 170
2 38.864014 201.35025 170
2 39.08423 200.01161 169
2 38.87973 199.59068 169
2 38.38507 199.61427 169
2 38.162445 199.64394 169
2 37.884125 200.26117 169
2 37.394897 202.62755 170
2 36.92932 204.03116 171
2 36.72409 205.93784 171
2 35.98694 207.7196 171
2 35.683533 209.05098 172
2 35.7334 210.1266 173
2 35.83017 209.34282 173
2 36.09674 209.82599 173
2 36.46582 209.50017 173
2 36.83072 210.45589 174
2 37.468933 210.69885 175
2 37.127045 208.96353 174
2 36.553406 207.10521 174
2 35.83441 205.71579 175
2 34.85498 203.36998 174
2 34.358734 201.44702 174
2 32.915405 200.19913 174
2 31.578888 198.09276 175
2 30.36673 196.62526 175
2 29.078522 195.40865 177
2 28.857178 194.9725 178
2 28.970459 193.40973 178
2 29.149536 193.15129 179
2 29.608124 192.3617 161
2 30.081238 191.08998 164
2 31.288635 185.69177 164
2 32.238617 182.70683 164
2 32.981567 180.3266 159
2 33.628418 179.12006 159
2 34.279755 178.77667 158
2 34.47876 178.40015 158
2 35.081024 175.40582 159
2 36.01642 171.91606 161
2 36.606934 168.59084 161
2 37.47708 170.78723 162
1 610.3679 89.07919 0
2 40.008545 172.71866 163
1 609.19354 88.80092 0
2 41.756744 171.26303 164
1 612.3264 115.26032 0
2 42.792664 170.82375 164
1 611.8314 112.87371 0
2 44.078674 169.60062 165
1 612.5729 116.898346 0
2 45.07907 169.94138 166
1 611.7427 120.27864 0
2 46.516846 169.73465 168
1 611.6608 122.89183 0
2 48.131775 169.81596 169
1 611.81824 123.405914 0
2 48.9617 170.42029 169
1 612.83997 124.568855 0
2 50.303192 169.61815 171
1 613.52155 126.5609 0
2 50.930634 169.30371 171
1 613.95447 123.893486 0
2 51.96997 166.66008 172
1 614.7273 127.62238 0
2 53.53128 164.71158 175
1 614.11487 124.73532 0
2 54.331573 164.2793 175
1 615.05005 124.99217 0
2 55.772583 163.419 178
1 613.223 120.70367 0
2 56.84201 164.3653 177
1 612.9649 116.55089 0
2 58.03018 167.18445 175
1 613.75244 112.06327 0
2 59.61322 172.18292 174
1 612.12024 106.889496 0
2 59.675476 178.24411 175
1 611.41565 104.69832 0
2 59.87393 182.8677 176
1 610.8468 100.53021 0
2 61.257782 183.10703 176
1 610.0371 100.685486 0
2 62.6651 182.63882 175
1 609.8225 94.98088 0
2 63.443817 182.09499 175
1 607.1837 93.90901 0
2 63.7565 181.1842 176
1 608.039 88.9805 0
2 64.42709 181.48582 177
1 608.81274 91.990295 0
2 65.67128 181.69148 177
1 609.5864 97.06062 0
2 66.89589 182.46191 175
1 612.3472 107.9639 0
2 67.85939 183.04077 175
1 613.2501 108.98648 0
2 68.895706 183.54008 175
1 613.47766 112.22285 0
2 69.4043 184.05537 175
1 613.5793 116.85223 0
2 70.159546 184.44778 175
1 614.8462 118.21107 0
2 70.75391 184.19008 175
1 613.53577 118.674194 0
2 75.41684 174.53874 176
1 614.239 120.52784 0
2 76.47882 173.36694 177
1 613.9376 122.97921 0
2 77.449524 174.79977 177
1 614.0613 119.77224 0
2 79.29408 173.34537 177
1 615.14966 118.04487 0
2 80.92569 172.58377 176
1 615.5543 125.775375 0
2 83.02533 172.14151 176
1 614.7279 125.46833 0
2 84.21759 172.923 175
1 614.9179 126.43685 0
2 84.62402 173.42993 172
1 615.7258 128.8664 0
2 86.07767 173.71939 171
1 615.6658 126.09099 0
2 86.83089 173.20767 172
1 614.9641 123.2433 0
2 87.70639 172.58307 172
1 614.8806 123.308266 0
2 89.22412 171.14172 172
1 615.94073 125.85274 0
2 91.42731 169.56778 173
1 615.3413 124.48862 307
2 93.338 167.76288 174
1 615.9706 124.316765 310
2 95.2168 165.06656 175
1 615.8854 127.14567 310
2 96.98833 164.05643 175
1 616.899 126.52306 310
2 98.03871 162.76974 175
1 617.0595 129.32236 307
2 99.90819 163.0527 178
1 617.7046 132.56648 307
2 101.40932 164.4318 180
1 618.0857 133.31247 307
2 102.94507 165.78012 180
1 618.05554 138.13202 304
2 104.323746 170.1297 177
1 618.50684 140.13637 307
2 107.109406 170.6149 175
1 618.60803 141.32425 307
2 110.2621 171.27325 174
1 618.6618 140.46121 310
2 112.72835 173.59164 174
1 618.93146 139.6377 312
2 115.38452 174.66231 173
1 619.61035 140.22018 318
2 118.10721 174.89105 172
1 619.8385 142.20662 315
2 120.99205 174.47266 172
1 620.26074 140.96463 315
2 124.08086 173.45207 172
1 621.07947 141.24146 307
2 127.66225 174.9127 172
1 621.9275 141.57993 307
2 129.9443 175.61856 172
1 622.9466 134.62985 307
2 132.46487 175.35674 173
1 623.10913 134.90878 304
2 134.27753 175.3284 173
1 623.0102 129.66228 304
2 136.45088 175.25699 173
1 622.22 126.76706 301
2 138.0792 175.02069 175
1 621.3342 127.40306 301
2 140.3906 174.60538 175
1 621.131 125.446396 299
2 142.70526 172.32951 175
1 620.43054 129.10526 299
2 144.80585 170.60464 176
1 620.23737 131.68756 301
2 147.4665 168.85846 178
1 619.5162 134.41599 304
2 149.42517 168.82225 176
1 619.3927 138.43997 304
2 150.70436 169.23416 177
1 618.7926 139.33661 304
2 152.36067 169.49939 178
1 618.1783 140.43625 304
2 153.7905 169.76279 178
1 618.1364 144.2832 307
2 155.65529 170.34941 179
1 618.111 146.68369 310
2 157.46481 170.75757 178
1 618.343 147.62202 310
2 158.86395 171.01892 178
1 618.4944 145.64705 310
2 159.4237 171.21205 178
1 618.6992 147.62323 310
2 159.19077 172.57864 178
1 619.33264 146.87953 310
2 159.22597 173.2927 178
1 620.015 145.7963 307
2 159.74437 172.95499 179
1 620.7839 144.95264 307
2 159.82773 173.5411 178
1 621.3691 145.42876 307
2 160.30055 173.36914 177
1 621.7288 144.55276 310
2 160.12224 173.49042 177
1 621.765 141.53705 307
2 160.05124 174.0643 178
1 621.0576 142.88753 310
2 160.00087 174.45497 177
1 621.0178 142.58047 310
2 158.90637 175.77673 178
1 620.30457 141.48251 307
2 158.01288 175.9858 177
1 620.108 141.21962 307
2 156.39381 176.039 175
1 619.5995 144.4071 307
2 154.33105 176.51547 176
1 619.6283 141.20952 307
2 152.37737 175.31229 175
1 619.8767 144.19606 307
2 150.0081 174.06577 173
1 620.0144 144.35992 307
2 147.33249 173.46689 172
1 620.17975 143.09698 307
2 145.09636 172.8303 170
1 620.4479 145.20763 304
2 142.28813 171.7201 170
1 619.9829 139.72244 304
2 140.88458 171.54042 169
1 619.1707 141.6833 304
2 139.45654 171.33261 169
1 618.14374 136.85458 307
2 136.9488 171.47824 168
1 616.98346 137.86307 307
2 135.37123 171.3964 168
1 616.5997 136.94963 307
2 133.95784 172.24483 169
1 616.5305 137.52615 307
2 132.78227 172.37819 169
1 616.2189 135.53323 310
2 131.43733 173.14096 169
1 616.10876 137.82452 310
2 130.16504 173.09155 170
1 615.72485 137.5408 310
2 128.5576 172.09164 172
1 615.2347 137.86111 310
2 126.86963 172.2691 173
1 615.58923 139.49725 310
2 126.60037 169.11462 174
1 615.6641 139.949 312
2 125.05821 168.31439 175
1 616.14087 137.32333 315
2 124.36388 166.45496 175
1 616.67755 141.67065 315
2 123.52956 165.11913 177
1 617.2786 144.32375 312
2 121.44002 163.83577 176
1 618.2457 143.89389 310
2 119.97681 163.79184 175
1 619.5592 142.86545 312
2 118.20261 164.26471 175
1 620.7694 147.20538 310
2 117.0863 165.75967 175
1 621.71216 143.09566 310
2 115.23694 166.57428 175
1 622.445 145.95119 307
2 113.35503 167.67212 175
1 622.35583 146.84102 307
2 111.57399 167.67102 176
1 622.1797 148.22144 304
2 109.95935 167.45488 176
1 621.67285 147.18683 304
2 107.559586 167.21332 176
1 621.40564 147.72888 304
2 105.83972 167.12158 177
1 620.72375 148.63571 307
2 104.73689 166.9853 177
1 620.0313 150.37434 307
2 104.32341 167.53967 178
1 619.511 150.39774 307
2 103.69522 168.83943 179
1 619.6026 151.3576 310
2 102.81906 167.18747 179
1 619.24194 150.04477 310
2 100.89525 166.96356 181
1 618.9572 153.04507 310
2 98.92076 165.0393 180
1 618.6918 154.93788 310
2 97.37808 164.87897 179
1 619.22986 150.01642 310
2 95.154236 163.30426 179
1 619.4396 148.84451 310
2 93.36742 163.85876 179
1 620.0298 152.02133 310
2 91.86655 164.75 179
1 620.1566 149.31607 307
2 89.57391 166.32014 178
1 620.8873 147.62473 307
2 88.0486 166.99417 178
1 620.8979 144.97098 304
2 86.64511 166.47186 178
1 621.1203 144.53494 304
2 85.03404 165.74013 178
1 620.9463 141.45428 307
2 83.53931 165.84268 177
1 620.2964 141.74207 304
2 82.046875 166.142 176
1 619.75586 141.21841 307
2 80.47606 167.37526 176
1 619.17395 142.42883 304
2 78.62027 168.41571 177
1 618.6415 141.60829 304
2 76.39143 169.00128 177
1 618.78546 141.46762 307
2 74.81337 170.3271 178
1 618.25946 140.75157 304
2 74.03171 169.46033 178
1 618.1854 141.99579 307
2 73.35492 167.92097 180
1 617.5123 141.84029 307
2 73.56186 167.61664 182
1 617.5047 142.08167 307
2 73.85939 167.42027 183
1 617.5563 143.31354 304
2 73.8976 167.02696 184
1 617.8248 143.76172 307
2 75.22748 166.9108 186
1 617.64575 144.49844 307
2 75.970535 166.8534 186
1 617.8712 144.7851 307
2 76.69711 165.21176 189
1 618.0796 145.53963 307
2 77.6062 164.06808 191
1 618.35913 147.3451 304
2 78.28183 164.10922 193
1 618.36084 148.05783 304
2 79.08246 163.30069 195
1 618.6308 147.73782 304
2 79.98541 162.56396 196
1 618.90845 146.31589 307
2 81.82532 161.77072 199
1 619.10986 146.8071 304
2 83.44873 160.76538 201
1 619.61096 143.27927 307
2 87.11548 157.61282 206
1 619.70703 143.83212 307
2 90.21016 155.77208 210
1 619.6362 141.98682 304
2 92.424225 153.2894 215
1 619.3009 145.04037 307
2 95.90677 150.51056 219
1 619.0458 143.74658 304
2 99.901596 145.38083 222
1 618.7086 144.73643 307
2 103.24365 141.66644 225
1 618.5691 145.29343 304
2 107.73131 137.27167 226
1 618.32495 142.7884 304
2 110.17099 134.42775 231
1 618.0537 139.03741 304
2 113.219864 130.56998 232
1 617.6887 134.66745 301
2 114.93088 128.13063 235
1 616.86365 133.06284 301
2 116.807434 126.66915 239
1 615.87085 127.69709 301
2 119.11047 126.66963 242
1 615.1282 125.35906 299
2 121.19603 125.91051 244
1 613.8281 123.78855 296
2 123.36394 123.65702 247
1 612.69836 123.07032 296
2 125.762436 124.12712 249
1 611.39417 122.47099 296
2 127.74231 124.16967 253
1 610.1779 121.00245 294
2 129.97105 125.54723 257
1 609.3327 121.49271 296
2 132.52359 126.66941 262
1 608.72754 120.68876 294
2 134.78244 126.396515 264
1 608.5219 120.01773 294
2 136.64738 128.70758 271
1 608.14355 120.48205 294
2 138.26242 130.28424 277
1 608.1903 119.81547 294
2 141.80435 131.69066 279
1 607.9822 119.751366 294
2 145.26686 131.47519 284
1 607.8991 119.79109 289
2 148.55296 130.383 286
1 607.86224 120.1968 289
2 149.53296 132.32773 289
1 608.0422 120.50719 286
2 151.41266 136.27036 294
1 608.06177 124.19962 286
2 153.36583 139.42963 296
1 607.927 125.60791 282
2 155.70517 142.74438 296
1 608.0281 129.02795 279
2 157.0107 144.52496 299
1 608.3106 131.69473 279
2 158.02725 146.0856 304
1 608.2086 132.54517 275
2 160.20639 146.67998 304
1 607.8729 133.59723 271
2 162.0697 147.18088 307
1 607.5454 135.22952 266
2 164.17397 146.08899 307
1 607.1388 136.5486 262
2 166.81319 146.48752 310
1 606.4413 138.19574 257
2 169.76712 144.48102 315
1 605.8289 138.9625 253
2 174.01051 144.40749 315
1 605.58234 139.91876 249
2 177.59906 143.66895 318
1 604.83777 138.97366 247
2 180.66042 145.30173 321
1 604.63403 142.28708 244
2 184.049 145.61082 324
1 604.7423 145.18634 240
2 187.0467 146.48793 327
1 604.88104 145.10454 239
2 189.88362 144.73196 327
1 606.0214 144.69583 237
2 192.6123 143.44409 327
1 607.0282 144.45544 232
2 194.9679 142.64214 327
1 608.7645 148.98087 228
2 197.29913 140.8245 330
1 609.37036 156.80734 225
2 199.3761 140.21 330
1 609.7408 160.89258 222
2 201.14407 137.6906 330
1 610.132 171.4404 220
2 202.24603 137.61467 330
1 610.7873 181.66415 219
2 203.06827 136.34903 330
1 610.6283 196.18796 216
2 203.20929 137.8194 330
1 610.21265 210.50673 216
2 204.59967 140.04166 334
1 612.25793 216.58675 215
2 205.26462 140.06166 330
1 613.9127 223.1604 212
2 206.52637 140.10611 334
1 616.0658 233.63564 210
2 207.22263 139.1882 337
1 618.465 242.00264 206
2 207.95825 138.84555 340
1 620.1616 254.58003 201
2 208.43942 137.31297 340
1 621.4033 272.56564 199
2 209.14723 136.94528 340
1 622.8129 274.4492 195
2 209.68716 136.60672 340
1 624.32874 275.05997 192
2 209.84933 135.66661 337
1 623.9146 281.5889 191
2 210.314 136.02531 337
1 624.5148 284.6435 188
2 210.5659 134.92119 337
1 624.68005 288.67557 187
2 211.20032 134.02493 337
1 624.7998 293.55304 185
2 211.47171 133.90417 337
1 624.63 298.36014 181
2 211.77734 132.46344 340
1 624.20294 304.25574 176
2 212.22531 132.20638 340
1 624.3535 306.84564 176
2 212.9357 130.50119 337
1 594.2739 197.85875 176
2 213.3153 130.80685 337
1 594.8828 184.27066 172
2 214.55743 130.56183 340
1 592.0013 181.93648 170
2 214.2696 130.52742 340
1 587.90344 182.81015 170
2 214.74203 129.41621 340
1 584.04956 184.64594 169
2 215.30899 129.30176 340
1 580.6338 188.0546 169
2 215.22264 129.51082 340
1 577.4625 202.44382 169
2 216.1339 129.97928 340
1 575.0315 203.83635 169
2 215.8729 130.30762 340
1 572.9081 205.31592 169
2 215.95543 130.52516 340
1 571.05096 207.19968 169
2 215.8505 130.38148 340
1 569.525 209.96637 169
2 215.8616 130.78508 337
1 567.8445 211.19432 169
2 215.50891 130.8396 337
1 565.99524 212.41513 169
2 215.62416 129.80347 337
1 565.6531 214.47212 169
2 215.92188 128.7248 340
1 564.2911 214.73618 169
2 215.56976 129.25049 337
1 563.8615 214.73563 169
2 216.0958 128.53564 340
1 564.3137 215.05083 169
2 215.98474 128.28247 340
1 564.22974 214.52351 171
2 216.23804 127.8311 340
1 564.7303 212.53801 172
2 216.34796 128.2542 340
1 565.63904 210.76913 172
2 216.21902 127.90879 340
1 567.20807 209.12178 173
2 216.18817 128.4017 340
1 568.5061 208.11568 174
2 216.07812 129.76802 340
1 570.60895 207.74571 175
2 216.495 129.02539 340
1 572.05963 206.64694 175
2 216.63788 129.72943 340
1 574.69415 206.48618 176
2 216.5345 129.74571 340
1 577.5763 206.13995 177
2 216.68768 129.27084 340
1 579.73804 205.74374 180
2 217.03812 129.99142 340
1 582.38153 205.11371 181
2 217.07669 129.7938 340
1 584.43945 205.3644 183
2 216.95767 129.72482 340
1 586.42896 203.96532 185
2 217.29501 129.30743 337
1 587.5701 203.55762 187
2 217.06485 130.26358 340
1 586.55347 206.06639 190
2 216.96497 129.92331 340
1 586.66003 207.79355 192
2 217.24509 130.95706 340
1 587.48486 210.65013 195
2 217.01218 130.57156 340
1 588.77637 213.46507 196
2 216.81448 130.28944 340
1 590.35474 216.13142 200
2 217.24446 130.49493 340
1 592.2506 218.10939 201
2 217.20123 130.66672 340
1 595.2331 218.6217 205
2 216.63974 129.56808 340
1 597.34973 218.38542 207
2 217.11453 129.90347 340
1 598.0249 217.43033 211
2 217.13223 129.29541 340
1 596.49866 221.44524 215
2 217.21631 129.25926 340
1 596.2218 226.08481 216
2 217.52216 129.61183 340
1 595.2849 231.05557 219
2 217.39088 129.47726 340
1 594.1543 235.72934 220
2 217.56934 129.8494 340
1 593.53625 239.1687 222
2 217.95702 129.17136 340
1 593.04596 243.59784 223
2 218.0629 128.2091 340
1 593.5242 246.57486 222
2 217.56404 128.66626 340
1 593.6355 248.10605 222
2 218.0274 128.97168 340
1 593.47003 250.62949 222
2 217.66022 128.37529 340
1 593.9071 252.71869 222
2 217.27992 128.91983 340
1 592.87805 253.24817 222
2 217.66675 129.4089 340
1 592.08276 254.46866 222
2 217.45909 129.20668 340
1 598.72253 267.99734 212
2 217.35263 129.21185 340
1 598.21155 267.6662 212
2 217.80075 128.93817 340
1 598.7123 267.8989 212
2 217.43146 129.19681 340
1 596.5658 267.10718 214
2 217.54105 129.17941 340
1 596.0165 268.36823 214
2 217.72284 129.17363 340
1 595.715 267.6356 214
2 217.59044 128.65805 340
1 596.0636 268.2867 214
2 217.74484 128.39246 337
1 596.5432 268.63824 214
2 216.92345 128.89615 337
1 593.66327 262.37415 226
2 217.49435 128.39618 337
1 594.86426 262.68195 226
2 217.44238 128.9108 337
1 595.72217 262.59604 226
2 217.06845 128.62383 337
1 597.67847 262.80856 223
2 217.5039 129.2789 337
1 597.97034 263.49316 222
2 217.3233 128.82477 337
1 598.40106 264.10178 223
2 217.21608 129.51321 337
1 598.08496 264.96844 222
2 217.36258 128.76733 337
1 597.48145 264.60898 222
2 217.08144 128.56007 337
1 598.21375 264.95886 216
2 216.96841 128.44742 337
1 598.3385 264.699 216
2 217.47519 128.62221 337
1 598.3312 264.55475 215
2 217.6015 128.31128 334
1 598.16656 264.68735 215
2 217.27927 128.9636 337
1 597.4713 264.6682 216
2 217.93987 127.75398 337
1 597.6019 264.42404 216
2 217.73956 129.25853 337
1 597.64844 264.55292 223
2 218.18765 128.52786 334
1 596.7639 264.6369 222
2 217.5336 128.85529 337
1 597.8059 264.71497 216
2 217.73032 127.7308 337
1 597.8922 265.05008 214
2 217.42877 128.04395 337
1 597.7203 264.23938 216
2 217.75925 128.41798 337
1 597.89703 264.9248 216
2 217.49483 128.08765 340
1 597.36804 264.33395 218
2 217.77051 128.9835 340
1 597.4867 265.13495 214
2 217.88367 127.74152 337
1 597.64886 265.4144 215
2 217.46693 127.34189 337
1 598.33716 264.85983 220
2 217.83902 127.71516 337
1 598.3463 265.28735 218
2 216.89148 127.89527 337
1 598.1497 263.67053 223
2 217.14816 128.67291 334
1 597.6238 264.19 220
2 216.93243 128.13974 334
1 597.64734 264.75403 220
2 216.7414 127.90553 334
1 598.3275 265.2152 218
2 216.85681 127.56774 334
1 597.81165 264.9892 222
2 216.9334 128.3695 334
1 597.7109 264.46954 220
2 217.137 127.63714 337
1 597.9491 265.0963 216
2 217.09563 127.35148 337
1 597.65674 265.29465 220
2 216.7312 127.77538 334
1 597.1647 264.77814 222
2 216.92783 127.88871 337
1 597.7503 265.08466 222
2 216.7251 127.93783 337
1 597.55334 263.92154 223
2 216.1341 128.39066 340
1 597.50586 264.5949 223
2 217.09326 127.290535 337
1 597.9134 264.32437 223
2 216.96872 127.84281 337
1 597.2463 265.369 220
2 217.18274 127.84189 337
1 597.1536 264.63647 223
2 216.59158 127.46835 340
1 597.62103 264.3185 222
2 216.619 127.4771 337
1 597.6636 264.91226 225
2 216.40565 127.776505 337
1 599.9254 268.8584 212
2 216.49368 126.86201 337
1 599.11743 268.82504 212
2 216.2424 128.05402 340
1 598.6046 269.00266 212
2 216.46783 128.11227 337
1 599.4048 268.96414 212
2 217.17953 127.012505 337
1 599.2644 268.87848 212
2 217.566 126.76596 340
1 599.015 268.44174 212
2 217.25095 127.418724 340
1 599.51794 269.2889 212
2 216.88303 128.25562 340
1 598.9027 269.08752 212
2 218.04123 126.01205 340
1 599.4724 269.27972 211
2 217.24847 127.37328 340
1 597.1044 264.3302 223
2 218.07593 125.55057 340
1 597.54193 264.49112 223
2 217.44043 127.248535 340
1 599.28076 269.2506 212
2 218.2138 126.439865 340
1 597.83875 264.68896 225
2 217.8671 126.92786 340
1 599.4907 270.08224 211
2 218.24261 127.00355 340
1 599.53925 269.3435 212
2 218.26575 126.88965 340
1 599.50275 269.7318 212
2 218.24702 126.86384 340
1 596.8135 264.584 225
2 218.5031 127.34207 340
1 599.37085 269.70395 211
2 218.25375 127.40766 340
1 599.1101 269.08878 211
2 217.49886 127.60487 344
1 596.46826 265.30115 225
2 217.93463 127.311 340
1 599.43567 269.57776 211
2 218.53094 126.95831 344
1 599.1305 269.77066 212
2 218.48682 127.287674 344
1 597.3075 265.05627 222
2 218.0827 128.225 344
1 599.30945 269.5982 212
2 218.25165 128.21533 344
1 599.1356 268.76538 214
2 218.3051 127.521835 344
1 598.8819 268.78317 215
2 218.88638 128.79855 344
1 599.49835 269.66382 212
2 218.0866 130.27795 344
1 599.2256 269.09167 212
2 218.30045 129.559 344
1 599.2467 269.01373 212
2 217.5375 131.37158 340
1 599.1216 269.08472 212
2 217.50499 132.34406 340
1 599.2107 269.46603 212
2 217.13026 132.70673 340
1 598.62274 268.8764 214
2 216.6865 133.42746 344
1 599.41626 269.42297 212
2 216.81061 134.14664 344
1 599.6403 268.7768 212
2 217.02936 134.8587 344
1 599.41754 268.84296 212
2 216.879 135.30692 344
1 597.751 265.02026 219
2 216.45694 136.01776 344
1 599.34265 268.9996 212
2 216.33109 135.90321 344
1 598.94836 268.16672 211
2 216.0798 135.99472 344
1 598.9014 268.96442 212
2 216.13672 135.49512 340
1 599.482 268.4791 212
2 216.14496 134.86835 344
1 598.96497 268.6903 212
2 215.82028 134.8325 344
1 597.041 264.90533 222
2 215.51416 134.92633 344
1 599.224 267.93063 214
2 215.551 135.78264 344
1 598.8987 268.93246 212
2 215.93988 134.8648 340
1 598.8014 268.00256 211
2 215.81427 136.1105 340
1 599.63324 268.73398 211
2 215.83792 135.49355 344
1 599.1259 268.2591 212
2 216.01532 135.14969 344
1 598.21484 265.2716 225
2 215.85849 135.01657 344
1 597.74817 264.7978 222
2 216.17055 134.70738 344
1 599.44714 269.33435 212
2 215.793 133.9137 344
1 598.95886 269.2713 212
2 215.14117 133.18877 344
1 599.6292 269.2769 212
2 215.17047 133.9802 344
1 599.4655 269.40295 212
2 214.88629 133.85475 344
1 599.3415 269.42648 212
2 214.37811 132.75977 344
1 598.8968 269.27728 212
2 214.59033 133.69598 344
1 598.976 269.59482 214
2 213.95113 132.9476 344
1 598.98645 268.94305 212
2 214.03473 133.6246 344
1 599.1245 268.7388 212
2 214.01782 133.86078 344
1 597.3629 265.11356 223
2 214.19754 134.20459 344
1 599.02515 269.35782 211
2 213.64911 133.58972 344
1 599.4347 269.97586 211
2 213.98349 133.7789 344
1 597.2466 265.03265 222
2 213.21788 133.21027 344
1 599.4402 269.6953 212
2 213.43439 133.48276 344
1 599.12683 269.3234 212
2 213.06154 132.71541 344
1 597.3573 265.09772 223
2 213.25925 132.41245 344
1 598.8993 269.8477 214
2 212.99498 132.87305 344
1 597.6709 264.84842 225
2 212.82422 131.91736 344
1 597.23 264.9824 222
2 212.43338 131.69093 344
1 597.0937 265.0118 223
2 212.19498 130.52396 344
1 597.0425 265.59027 225
2 212.25415 131.49765 344
1 599.03754 269.3204 211
2 212.60115 132.39864 340
1 598.86774 269.90424 212
2 212.20897 131.95363 344
1 598.9751 269.64087 212
2 212.68143 132.24356 344
1 599.4008 269.46332 212
2 212.77246 132.91742 344
1 596.53625 264.22214 225
2 212.3912 132.81433 344
1 599.25867 269.88116 212
2 212.83315 132.74567 344
1 597.3059 264.96417 222
2 212.24118 133.20493 340
1 599.48083 270.02933 211
2 212.2497 132.60193 344
1 599.02246 269.8966 212
2 212.29984 131.56357 344
1 599.15735 269.84314 212
2 211.82724 134.25978 344
1 599.2716 269.3499 211
2 211.92566 132.58699 344
1 599.31104 269.83487 212
2 211.99107 132.37064 344
1 597.30927 265.38675 223
2 211.80377 132.78963 344
1 598.82947 269.3286 212
2 211.65181 132.2165 344
1 599.4086 269.90854 212
2 211.39992 132.9971 344
1 598.8522 269.04385 212
2 211.87604 132.88037 344
1 599.0622 269.4359 212
2 211.98865 134.1851 344
1 598.7887 268.07092 214
2 211.98166 135.3818 344
1 596.9143 265.31006 225
2 211.5248 132.64407 340
1 599.325 269.14432 211
2 210.87572 132.45503 340
1 599.0976 269.26825 212
2 210.92941 133.12872 340
1 599.1987 268.93076 212
2 210.65082 133.25478 340
1 598.829 268.73236 212
2 210.7606 134.19717 340
1 598.9143 269.1181 212
2 210.87952 133.90833 340
1 599.0293 269.22397 212
2 210.86319 133.31993 340
1 599.35095 268.9694 212
2 210.76926 133.90387 340
1 599.0652 268.8976 212
2 210.403 133.55615 340
1 599.01794 268.91284 212
2 210.60121 133.36566 340
1 599.10565 269.20535 212
2 210.28406 133.34096 337
1 597.61755 265.79907 220
2 210.41559 133.45016 337
1 599.2471 269.1878 212
2 209.87888 134.00021 340
1 599.31287 268.69254 212
2 209.52512 133.0314 337
1 599.3418 269.31097 212
2 209.33545 132.40988 334
1 599.8056 268.39343 212
2 208.72992 132.03917 334
1 599.5112 268.66397 212
2 208.3172 131.87897 334
1 599.3052 269.2968 212
2 208.46881 132.81732 330
1 599.2162 268.76675 212
2 208.19572 134.48892 330
1 599.5415 269.24835 212
2 208.24062 134.68155 330
1 598.7614 268.86298 214
2 207.39035 134.32013 327
1 599.20465 269.22125 212
2 207.32687 134.91846 327
1 598.8542 269.64752 214
2 206.4115 135.5101 327
1 599.6545 268.83316 212
2 206.33614 136.63255 324
1 599.05414 269.0656 212
2 206.73619 137.02402 321
1 598.598 269.00107 212
2 207.2009 137.63281 318
1 599.6672 269.5396 211
2 207.42822 137.91821 318
1 598.3572 269.43512 212
2 208.39671 141.2471 318
1 597.0003 265.1791 225
2 209.33566 143.4709 315
1 596.9683 265.3376 225
2 210.1489 144.86667 315
1 599.1998 269.53006 212
2 211.48022 146.96547 312
1 599.39795 269.84503 212
2 210.8355 147.94528 307
1 599.37524 269.3653 212
2 210.4625 148.49985 304
1 597.5773 265.50348 223
2 211.2348 152.2106 304
1 599.1439 269.9477 212
2 210.9071 155.43744 299
1 598.16156 268.7452 212
2 209.46695 153.76459 294
1 599.16284 269.57028 212
2 209.09705 153.29907 289
1 599.3003 268.57986 211
2 210.06836 150.52512 286
1 599.2487 269.81357 211
2 208.31963 150.45541 284
1 598.0603 263.1816 212
2 203.92001 149.82983 273
1 599.8612 262.60278 211
2 199.79123 151.68042 262
1 600.365 260.76334 211
2 193.54651 152.97873 251
1 601.8601 260.28998 211
2 183.20097 158.3641 244
1 602.6943 259.63965 215
2 172.4561 165.26282 235
1 604.9934 256.89352 219
2 159.1721 169.3529 234
1 606.48047 254.61208 220
2 146.07123 169.53882 229
1 605.2986 253.68579 223
2 134.48193 164.07834 223
1 606.43225 253.24446 226
2 121.76491 169.02263 216
1 606.2864 253.62616 226
2 111.91655 167.81284 211
1 606.7434 254.86325 226
2 101.16867 168.09811 205
1 607.6209 255.17085 226
2 91.88312 161.69298 199
1 606.93066 254.64214 231
2 83.10736 156.88214 191
1 608.68335 254.45773 234
2 78.66742 158.94827 187
1 605.7163 256.62885 246
2 72.34215 159.46991 184
1 605.07214 256.25323 242
2 67.88153 161.85977 176
1 601.6301 254.04625 255
2 63.405853 160.97572 168
1 602.9884 250.70428 0
2 58.331696 161.50424 164
1 602.1366 249.2885 255
2 52.41861 161.36407 159
1 601.18896 247.52327 253
2 46.673126 166.1333 158
1 604.3314 245.26346 251
2 41.822723 169.78279 156
1 608.59326 242.65497 247
2 41.195526 161.92009 156
1 615.64233 243.22333 247
2 47.51425 151.59192 154
1 620.84314 242.54173 247
2 52.479248 147.5208 153
1 624.38525 244.70215 249
2 55.45224 145.58691 149
2 31.845917 164.88327 136
2 32.526062 164.01111 132
2 33.233124 163.96147 127
2 34.2135 164.40083 122
2 35.285645 164.80045 121
2 37.122467 170.0883 121
2 39.424316 178.24324 122
2 42.91452 185.0738 122
2 45.94925 187.82007 116
2 47.880646 186.5097 117
2 50.21283 185.5449 120
2 52.841675 183.27449 124
2 56.995117 182.27039 129
2 60.727234 179.18036 136
2 64.28407 180.03415 141
2 69.85913 179.61996 151
2 76.29463 170.23024 156
2 78.368774 167.0303 158
2 83.314926 169.91785 161
2 87.09488 173.45235 164
2 89.348526 176.36351 167
2 91.91872 176.51541 169
2 95.064545 175.77612 170
2 98.65463 176.06822 171
2 102.56395 175.44847 171
2 104.611664 174.20392 172
2 105.79118 173.02087 182
2 105.91336 172.80428 175
2 104.36766 169.5993 174
2 104.72507 167.02725 173
2 105.836044 164.58762 173
2 107.388336 163.24463 172
2 109.37219 162.21164 174
2 112.33986 163.64938 177
2 115.69911 164.97624 180
2 117.58386 165.58939 179
2 118.98366 167.02408 177
2 119.74867 167.82439 175
2 121.06955 167.29749 174
2 121.65961 165.80258 174
2 122.04971 165.04842 174
2 121.35794 164.99854 173
2 119.4854 166.78062 173
2 116.42627 169.47821 172
2 114.45108 171.78142 172
2 113.87259 173.72339 171
2 113.733536 175.09535 170
2 113.881424 177.1355 169
1 604.9641 198.56407 228
2 114.40695 177.77664 169
1 605.52106 196.28452 232
2 115.07762 179.16058 169
1 604.7302 164.80762 235
2 116.64142 179.538 170
1 606.05426 165.01761 234
2 118.581345 179.31505 171
1 607.4219 165.37814 235
2 120.653625 178.48592 171
1 607.8357 165.11415 234
2 122.35104 176.6865 172
1 608.0077 161.33298 234
2 123.61159 173.36826 171
1 608.11957 159.57408 234
2 124.57234 169.83942 171
1 608.0936 160.0896 234
2 124.5798 167.94626 171
1 608.1835 160.37827 234
2 124.48221 165.48792 171
1 607.9015 159.62161 235
2 123.46446 163.17705 171
1 607.19934 158.67029 237
2 122.58153 160.73932 172
1 606.4665 156.42174 239
2 121.579956 159.19768 171
1 605.7757 154.86813 240
2 120.75174 158.66995 169
1 605.2364 154.65057 240
2 119.34303 160.27972 167
1 604.7378 154.47202 240
2 117.702896 161.02591 167
1 604.26294 154.58669 242
2 115.7623 161.64702 166
1 603.8539 153.95059 244
2 114.36595 161.31256 166
1 603.54456 154.75677 242
2 113.34924 161.96283 169
1 603.2586 155.19547 244
2 112.96509 161.10101 171
1 603.7981 155.27301 240
2 112.836716 162.33464 173
1 603.9499 154.07274 240
2 112.36839 162.27695 175
1 603.6889 153.89441 240
2 111.539444 163.5151 175
1 603.37463 152.30664 242
2 111.15704 163.24042 175
1 602.79346 150.94922 244
2 110.16669 165.28412 176
1 602.2418 148.51007 244
2 108.29053 166.58585 177
1 602.3735 146.40567 246
2 106.75427 168.1076 178
1 601.6461 143.51515 246
2 104.09996 167.46957 178
1 601.01 143.14355 246
2 101.112885 169.57849 178
1 600.2097 143.31151 246
2 100.42038 169.86276 176
1 599.60376 143.57184 246
2 99.40927 170.96758 176
1 599.17773 143.1212 246
2 98.59189 172.82007 175
1 598.78406 143.86835 246
2 97.6089 173.751 175
1 599.4513 143.87335 246
2 96.13292 174.45282 174
1 599.9627 142.62567 244
2 94.26076 173.90973 173
1 600.49927 143.70941 246
2 93.17091 174.4235 174
1 601.21423 144.16507 251
2 92.592834 174.63318 173
1 601.8162 145.0122 249
2 91.138565 174.56943 173
1 602.4926 146.73383 249
2 91.38544 174.40234 174
1 602.8321 146.34518 251
2 91.23256 174.93835 174
1 603.5218 146.99597 258
2 102.15871 159.49283 176
1 603.7664 148.84473 260
2 102.70784 157.1384 176
1 603.34357 149.32956 260
2 103.860855 155.40614 175
1 601.39197 141.85376 260
2 104.17113 155.06284 175
1 599.8019 138.24791 262
2 103.70038 155.52861 176
1 599.81305 138.1358 269
2 103.03955 156.68616 177
1 600.04486 137.09769 277
2 103.03981 158.01123 178
1 599.9343 136.34933 277
2 102.5571 159.49205 178
1 600.1998 136.22955 277
2 101.88573 162.81775 177
1 599.7695 136.06824 277
2 102.20595 158.44281 179
1 599.2134 137.0365 277
2 101.06448 156.63278 179
1 598.4672 140.7714 277
2 100.19995 158.0284 179
1 598.58374 144.36217 277
2 100.58838 159.33429 179
1 598.40356 147.33301 277
2 101.70294 161.1799 180
1 598.904 147.51163 275
2 102.84006 162.60388 181
1 598.7821 147.61432 277
2 103.547806 165.81454 181
1 599.38574 148.39804 277
2 103.62436 168.26123 182
1 599.7461 146.70422 277
2 103.4091 170.89374 182
1 599.12885 147.48526 277
2 103.27934 171.6025 182
1 597.537 145.47739 277
2 102.198654 173.39426 182
1 595.67944 142.71619 277
2 102.094025 173.0367 182
1 594.4502 142.50786 277
2 102.52545 172.68335 183
1 594.7672 139.3522 277
2 102.93358 171.84753 183
1 594.614 136.44308 279
2 103.27388 170.2132 183
1 596.228 135.03206 277
2 103.59131 168.23203 184
1 595.5727 133.3559 277
2 103.73015 166.41034 184
1 595.4716 131.44849 279
2 103.81587 163.85025 185
1 595.65576 133.14572 282
2 103.884445 163.27919 185
1 596.91656 135.99971 279
2 104.507935 162.7822 185
1 598.1398 135.64702 279
2 104.531265 163.2335 186
1 597.59973 131.76462 282
2 105.71298 162.2928 188
1 595.8589 132.725 284
2 107.17346 161.65527 190
1 594.6991 133.21451 284
2 108.62648 161.35059 190
1 595.0885 135.27228 286
2 110.745544 163.01834 191
1 596.22327 136.25656 282
2 112.89638 164.25777 191
1 600.5003 140.80045 279
2 114.51738 166.7396 191
1 601.77924 142.87158 279
2 116.86842 166.15622 191
1 602.3826 146.81009 279
2 118.12157 165.31868 191
1 601.6428 143.55795 279
2 120.35773 164.1799 192
1 599.6202 141.26077 282
2 121.41791 164.48015 192
1 596.803 139.0735 284
2 121.78816 163.48067 193
1 596.85547 139.56241 282
2 122.4709 164.43628 193
1 600.3108 138.608 279
2 122.93921 164.24779 193
1 597.474 141.55368 282
2 124.158936 162.39891 194
1 595.94714 139.90999 282
2 124.48544 159.29825 195
1 597.7776 138.28389 284
2 123.01866 155.82573 195
1 599.3029 136.45523 284
2 120.88547 153.12396 194
1 602.97235 133.96817 279
2 120.652374 152.8341 195
1 605.831 133.58618 279
2 120.10814 152.11641 196
1 606.6012 132.13512 279
2 119.84952 154.11844 199
1 603.855 131.24309 284
2 118.823395 154.59773 199
1 601.76337 130.40274 286
2 117.53699 155.77762 199
1 600.84814 128.19482 286
2 116.585434 159.18546 200
1 599.8059 126.00752 289
2 117.62833 163.84294 201
1 599.8855 126.05611 286
2 119.08861 170.46884 200
1 601.04333 125.639755 286
2 118.1264 172.55031 201
1 600.0885 126.34086 289
2 117.811386 171.44257 200
1 599.032 125.70883 291
2 117.50067 170.97905 200
1 598.8406 126.96619 296
2 116.10245 171.57611 200
1 599.1035 128.52754 296
2 114.79443 170.38914 199
1 600.0853 130.84831 296
2 113.089294 169.66783 196
1 600.9624 130.12318 296
2 111.61395 167.28552 196
1 599.97626 129.77496 299
2 108.90399 166.34955 196
1 597.80884 128.45674 301
2 106.461426 164.44 195
1 595.23914 125.53886 304
2 104.80492 164.13278 196
1 593.41455 121.5877 304
2 103.10356 164.16193 195
1 592.12976 119.47656 307
2 102.31792 163.84293 195
1 591.5512 117.90693 307
2 101.91777 164.73328 195
1 591.0154 113.94488 307
2 101.78876 164.20486 195
1 591.6107 113.89963 307
2 102.58145 162.54239 195
1 595.38324 121.34645 307
2 103.30228 161.93007 194
1 595.6738 123.6106 307
2 104.50438 161.2934 194
1 595.6937 126.634766 310
2 105.652466 159.87166 193
1 596.20764 127.834175 310
2 107.79811 158.10555 193
1 596.07367 127.64123 315
2 108.946976 157.49863 193
1 595.65063 127.45486 315
2 109.48808 157.07336 193
1 595.3187 127.72631 318
2 107.40433 158.31332 192
1 594.27466 128.33246 318
2 108.92685 156.95782 192
1 593.3357 129.88252 321
2 109.417786 154.59874 191
1 592.6875 129.77432 318
2 109.0652 153.91806 192
1 591.84546 129.7862 318
2 108.17804 153.55267 192
1 591.4109 130.17383 318
2 106.61574 155.58224 191
1 590.4839 132.11212 321
2 105.079926 159.03503 190
1 590.2914 132.93396 321
2 103.639984 162.31381 188
1 589.9431 134.20209 321
2 103.51419 163.51189 187
1 589.9999 133.60773 321
2 103.92976 165.70227 187
1 589.3888 134.11108 321
2 104.65309 165.00276 187
1 588.7522 134.06302 327
2 105.34918 165.29889 187
1 588.75256 133.57419 327
2 106.403656 164.15585 187
1 587.58606 135.08075 330
2 108.19672 161.22437 187
1 586.46497 134.49718 330
2 109.760025 161.01294 187
1 585.652 137.14691 330
2 110.64845 162.07999 187
1 585.156 135.46582 330
2 111.17322 163.55205 187
1 584.6393 135.82675 330
2 110.735855 166.26823 187
1 583.7302 136.8021 330
2 110.03145 167.58493 188
1 583.07654 137.94006 330
2 111.824905 163.8169 188
1 581.911 138.67401 334
2 111.51515 163.77933 189
1 580.30084 137.89172 337
2 110.33844 164.53831 189
1 579.2251 139.87839 337
2 109.61995 163.85092 190
1 577.6183 140.63667 340
2 109.65517 163.50713 191
1 576.2068 143.29388 344
2 109.040726 164.27112 191
1 573.80334 144.07156 344
2 108.86415 166.60846 192
1 572.1513 145.76851 344
2 108.83232 167.23096 194
1 569.7825 146.69217 347
2 109.02721 167.81061 195
1 568.4724 138.80984 354
2 109.000244 167.41156 198
1 566.5187 138.9508 354
2 109.58426 166.1269 199
1 564.73694 142.04544 351
2 111.14705 164.6286 200
1 564.84827 139.08331 354
2 112.57506 163.20782 201
1 563.54144 138.86893 354
2 114.75845 159.89725 203
1 563.13184 137.16666 354
2 116.58908 158.27373 205
1 560.57715 132.82037 358
2 116.852646 159.71321 205
1 557.7771 132.86655 358
2 117.73868 157.30699 207
1 557.14374 131.01807 358
2 118.75774 155.33603 208
1 556.23016 129.96758 358
2 118.96167 153.8916 208
1 555.44653 126.2884 358
2 119.6505 153.9422 210
1 552.29193 126.16151 358
2 120.94878 153.28519 210
1 550.1653 129.18051 358
2 122.43666 154.92981 210
1 550.02167 131.16635 358
2 123.899475 156.21878 210
1 550.0256 132.70544 358
2 125.2061 157.69711 210
1 550.37683 134.98676 362
2 126.38756 158.11143 210
1 549.7703 135.38596 358
2 127.36594 157.35986 210
1 548.876 134.11812 358
2 127.550705 158.08508 210
1 548.10175 133.339 358
2 127.633545 158.89565 211
1 547.2318 131.84642 362
2 127.67702 158.49677 211
1 546.95105 131.64221 362
2 127.67049 158.32541 211
1 547.4169 132.11148 362
2 128.2173 158.32008 211
1 547.5528 132.11496 365
2 128.82993 159.06284 212
1 548.2197 133.20914 365
2 128.34882 160.95956 212
1 547.82947 135.37692 365
2 129.0338 162.58197 211
1 547.82776 136.00653 362
2 128.88582 163.9208 211
1 547.76166 137.989 362
2 129.27505 163.92453 211
1 548.3153 139.57639 362
2 129.97366 164.46179 212
1 548.4138 141.34375 362
2 130.7668 164.57 212
1 547.6599 141.46405 362
2 131.19089 165.66827 212
1 547.56116 141.69156 362
2 131.93265 166.52817 214
1 549.1057 139.16281 358
2 132.63951 166.86475 214
1 550.6756 137.90884 347
2 132.52089 164.67212 214
1 552.37366 135.55994 344
2 133.32585 163.48254 214
1 554.43115 135.49672 340
2 134.7039 162.93588 214
1 556.06396 133.49243 324
2 135.30453 162.18901 214
1 557.7831 137.02556 334
2 135.6654 167.84702 215
1 557.8287 135.8995 337
2 135.99551 165.83504 214
1 557.6832 135.87393 337
2 137.03488 166.7616 214
1 558.2772 137.3128 334
2 138.40274 166.7981 214
1 557.7868 133.2141 334
2 139.94756 165.33049 212
1 557.7041 129.76697 334
2 141.59021 164.81662 212
1 559.6759 131.15305 330
2 142.89876 163.19595 212
1 562.1639 131.57907 330
2 144.68706 163.80447 212
1 563.2962 133.15819 327
2 145.38103 162.6495 212
1 563.3528 133.66248 327
2 146.85469 161.56282 210
1 562.9547 133.93254 324
2 148.01135 160.4751 210
1 563.49524 135.62927 321
2 148.66612 158.97058 211
1 561.00977 131.03412 321
2 149.02927 158.60641 212
1 560.25354 133.17313 321
2 148.89088 157.61069 212
1 560.2163 132.57431 321
2 148.75072 157.0676 212
1 560.5623 135.78816 321
2 148.59395 156.26498 212
1 560.05505 134.42853 321
2 148.02571 155.32816 214
1 559.26154 132.04549 321
2 148.25494 154.96129 214
1 558.7999 130.81839 321
2 148.32916 154.02852 214
1 557.175 130.05217 321
2 148.67699 153.66315 214
1 554.2079 125.5391 321
2 150.19481 153.68994 212
1 550.3231 127.35441 321
2 151.71921 153.8624 212
1 550.0283 133.16138 321
2 152.93823 153.7044 211
1 547.7509 139.4033 321
2 154.58295 153.63461 210
1 547.012 145.25446 321
2 155.88269 153.4535 207
1 546.3976 149.014 321
2 157.03818 153.37895 207
1 544.22955 150.10306 321
2 158.01523 153.78839 206
1 543.0984 148.6427 321
2 159.20956 152.85535 206
1 542.7831 145.95801 321
2 159.81421 152.31757 207
1 542.3744 144.4833 318
2 160.46805 152.90765 208
1 539.6378 143.82196 318
2 161.38144 152.89621 210
1 536.9374 144.41599 318
2 162.78384 155.22826 211
1 534.3065 144.62305 321
2 164.82416 156.5405 212
1 531.3974 146.56956 321
2 167.93315 157.07498 210
1 530.17285 147.88493 321
2 170.87413 157.8614 210
1 528.36676 149.56708 321
2 172.90904 158.58345 210
1 527.40094 149.54251 321
2 174.02026 158.29666 210
1 524.9173 151.23344 321
2 174.81702 157.12129 207
1 522.4499 156.83037 321
2 175.19884 156.49365 207
1 522.39136 152.15363 321
2 175.02411 154.69998 207
1 521.57935 150.01764 321
2 174.58856 152.69696 207
1 520.29706 151.65332 321
2 175.54227 153.51926 206
1 520.192 152.14185 324
2 177.1346 155.32332 203
1 519.2046 151.74065 321
2 178.58807 156.57925 203
1 519.4114 151.19272 321
2 180.18764 157.56345 203
1 518.97205 150.74855 324
2 181.82707 158.52324 205
1 518.2084 153.18289 321
2 183.09554 159.27686 205
1 517.6482 153.83972 324
2 184.71126 161.02063 205
1 517.5308 153.88963 327
2 185.69771 162.73862 205
1 517.0802 155.92096 327
2 186.9037 165.26295 205
1 517.4375 156.80762 327
2 187.60905 166.53302 205
1 517.088 158.46854 324
2 189.1832 167.34787 205
1 515.78375 154.78354 330
2 191.38249 167.03416 203
1 514.8506 153.21341 334
2 194.01175 166.0157 205
1 515.6955 151.5701 334
2 196.71735 165.34152 210
1 515.09186 150.81693 334
2 199.13701 164.48206 210
1 514.0934 149.15059 334
2 201.22746 162.49332 210
1 512.6095 149.99738 340
2 202.61902 159.61005 208
1 511.04013 150.63916 344
2 203.95564 158.39275 208
1 509.70206 153.943 347
2 206.81006 158.75977 207
1 508.39166 155.48447 344
2 210.36612 159.96179 206
1 506.09305 156.30682 347
2 212.65851 159.16962 206
1 502.81262 156.39789 351
2 214.98618 156.24405 205
1 498.88324 156.57333 354
2 216.5106 154.15012 203
1 497.15698 157.14935 354
2 217.05199 153.45395 201
1 494.40344 158.32193 354
2 217.39772 152.67386 200
1 489.75647 155.50632 358
2 218.83905 152.38379 196
1 487.20035 151.10747 358
2 219.50436 153.02751 194
1 483.58783 145.7471 365
2 220.74863 153.80682 194
1 479.99707 142.76785 369
2 222.17758 154.92288 192
1 475.8701 140.36322 373
2 224.90584 155.97386 191
1 469.15732 138.6688 377
2 226.85541 156.65982 193
1 460.83972 139.8855 377
2 229.65123 156.9136 194
1 453.11578 139.68451 373
2 231.69693 157.96498 195
1 443.3363 144.1116 358
2 234.24289 158.48212 193
1 435.3932 149.06557 354
2 236.3491 158.59698 192
1 429.32156 146.94443 362
2 238.76503 158.51935 191
1 423.88977 142.35349 362
2 241.03485 158.19266 192
1 419.23022 137.41315 362
2 244.21716 157.8037 192
1 413.59048 135.33856 362
2 246.37686 157.28683 191
1 409.27496 133.92258 362
2 248.65477 155.24898 191
1 404.57272 131.21867 362
2 250.5965 153.11261 196
1 401.30438 130.06177 365
2 252.66339 151.40407 200
1 397.893 130.41608 365
2 255.42578 151.3775 201
1 394.65027 131.87224 369
2 258.5216 150.95923 201
1 391.54666 133.3511 369
2 260.54504 152.68797 196
1 387.4536 136.19785 369
2 262.05692 153.37708 200
1 385.7485 136.33191 373
2 263.29443 154.27069 201
1 384.73502 137.75055 373
2 264.9103 155.17236 199
1 380.7168 136.22937 373
2 266.4457 153.96964 198
1 377.67847 130.03995 369
2 267.8762 155.71266 196
1 375.29355 135.96393 369
2 269.01468 155.78683 195
1 373.78683 140.65425 365
2 271.19666 157.37512 195
1 370.69006 141.42096 365
2 274.11588 158.83453 194
1 367.58093 143.09567 365
2 275.61145 157.59879 194
1 365.42764 145.71155 369
2 277.4623 156.55214 194
1 365.2451 155.92395 369
2 279.29913 155.94447 192
1 367.00342 163.53867 369
2 281.80377 154.98318 191
1 368.9314 170.11594 369
2 284.15955 153.51836 191
1 369.0151 174.07782 373
2 287.90463 152.55075 188
1 369.71353 179.27899 373
2 291.52322 154.84882 187
1 370.06976 182.98149 377
2 296.3279 155.47615 185
1 371.4227 190.64215 377
2 299.54892 155.94717 183
1 376.8473 209.75616 373
2 303.46735 156.88538 182
1 378.07697 214.42813 377
2 306.61377 160.77007 187
2 312.274 161.42719 187
2 316.37936 163.21457 186
2 320.8501 164.3711 182
2 325.94437 165.4614 183
1 237.26169 166.59288 358
2 330.74316 166.40688 184
1 239.17844 158.6059 362
2 335.0141 166.11969 184
1 241.32077 150.14243 365
2 341.14575 162.64905 187
1 242.98383 143.11075 373
2 346.2116 158.41223 190
1 244.41267 136.06264 377
2 349.03223 156.3568 190
1 247.05261 129.23535 373
2 350.99893 154.13159 192
1 248.23154 126.0343 377
2 352.8822 152.16214 196
1 249.94353 122.932365 382
2 354.94745 150.48833 195
1 250.5044 120.92712 382
2 356.60538 149.24161 192
1 251.92136 118.80762 386
2 359.2038 149.13516 191
1 252.93362 119.74992 382
2 363.59372 152.74069 188
1 253.87442 121.810356 377
2 368.26486 158.35059 182
1 254.10141 126.74248 377
2 373.34186 163.86322 182
1 255.91428 130.0831 377
2 378.39334 167.93279 179
1 256.256 135.97305 377
2 383.2592 169.73737 177
1 257.14734 140.56958 377
2 387.19522 169.30133 176
1 258.1177 143.92789 377
2 391.4623 169.10745 176
1 258.44055 146.22755 373
2 397.00027 168.48521 175
1 258.22748 147.23701 377
2 405.13297 169.69504 173
1 256.28308 146.71753 373
2 413.17892 168.21335 172
1 255.31021 146.2948 373
2 420.79437 168.17834 172
1 253.90642 146.65457 373
2 425.23752 169.8039 172
1 252.84206 146.6034 377
2 428.14694 171.99463 171
1 251.58603 146.28717 373
2 430.27667 173.83498 171
1 250.63159 145.64584 377
2 432.05615 175.77505 173
1 249.93341 145.77216 377
2 433.85883 175.94589 172
1 249.21721 144.68576 373
2 434.87732 175.82538 172
1 249.6614 145.75842 377
2 436.42456 176.11844 172
1 249.06876 145.01746 377
2 436.91534 176.42448 171
1 249.63939 144.56839 377
2 437.47583 177.17343 171
1 248.6064 145.18028 377
2 436.86176 176.56047 171
1 248.86092 144.06407 377
2 436.38214 176.58498 172
1 248.45694 145.10669 377
2 436.1766 176.71579 172
1 248.08609 145.09982 377
2 435.6439 177.04767 172
1 248.15231 145.37839 377
2 434.05426 177.11124 173
1 247.11032 145.44043 382
2 432.25543 176.3523 172
1 246.9241 145.5054 377
2 429.71246 173.55801 174
1 246.57286 145.271 382
2 426.24683 172.27606 177
1 246.42911 145.56128 382
2 423.5581 173.43994 184
1 245.37068 145.00891 377
2 422.4195 176.4621 191
1 245.22458 146.06378 377
2 421.46765 178.56401 195
1 244.77534 145.73148 377
2 420.64175 182.53156 195
1 244.4918 145.17032 377
2 419.35162 190.30875 195
1 244.58804 145.04724 382
2 414.45215 198.46246 196
1 243.09369 143.9501 377
2 407.9525 206.59984 198
1 243.7219 144.37479 377
2 400.95685 211.30711 199
1 242.59732 144.3906 377
2 393.16565 214.15305 200
1 241.74911 142.07944 382
2 383.96667 215.84836 202
1 240.48196 140.36362 382
2 373.13663 217.87595 206
1 236.73338 137.38234 377
2 364.4386 223.15446 210
1 234.08868 131.22641 377
2 355.83066 229.05472 212
1 233.48761 127.49476 377
2 346.55676 234.23425 215
1 231.91446 126.99506 377
2 338.84467 237.73752 220
1 228.92715 125.90433 382
2 333.17166 243.04567 222
1 223.80707 124.09047 382
2 331.5234 248.68518 225
1 225.96538 117.181786 382
2 332.12888 254.63939 225
1 227.627 113.34581 382
2 331.25125 255.19806 201
1 230.21764 112.957344 377
2 328.98325 254.78288 201
1 232.18668 116.78442 382
2 328.35574 253.64 196
1 232.37909 118.237114 382
2 326.13858 250.1259 196
1 232.33133 122.05567 377
2 322.66812 247.04968 196
1 231.83414 124.39117 377
2 321.40952 245.08438 196
1 232.3303 126.14631 373
2 316.50052 243.63496 198
1 231.37987 127.081505 373
2 312.31113 242.80167 199
1 231.10791 124.7032 377
2 341.97507 241.29185 189
1 231.01166 126.496124 373
2 336.31375 241.86166 191
3 229.15193 249.26764 258
1 230.33322 126.125725 373
2 331.0027 243.53806 191
3 225.90166 250.18742 260
1 230.06474 125.29525 373
2 326.31058 243.40134 192
3 222.78326 250.33621 260
1 230.65802 125.590034 373
2 321.90625 246.10321 192
3 220.68973 250.45103 260
1 231.51517 126.391205 373
2 317.82846 250.60864 226
3 218.00674 251.04517 260
1 232.7059 126.95826 373
2 312.03607 255.39235 226
3 215.7718 251.40294 260
1 234.02122 127.207985 373
2 307.80872 259.8161 225
3 216.38846 250.63739 260
1 234.05301 128.06866 373
2 303.54572 265.44073 225
3 216.42363 249.21501 260
1 234.8913 129.43433 373
2 298.45038 267.5758 225
3 216.7428 243.91966 262
1 235.40442 129.44406 373
2 296.9292 269.55542 225
3 218.73949 243.06375 262
1 236.56361 129.19128 373
2 293.38132 270.67807 183
3 218.88065 242.76482 262
1 236.82637 129.35835 373
2 292.59955 271.2693 184
3 217.97806 243.69502 262
1 237.17738 127.709 373
2 290.48953 271.55872 185
3 220.10527 243.08777 262
1 238.35208 127.02941 373
2 289.23212 272.5186 186
3 220.96582 242.505 262
1 238.74237 127.62088 373
2 287.72598 273.15222 186
3 221.76999 242.43472 266
1 239.50128 125.60401 369
2 286.35153 274.3726 186
3 221.50182 243.15398 264
1 240.40483 126.66799 373
2 268.99155 267.31876 184
3 174.00095 271.98676 271
1 241.26663 125.85826 369
2 268.51697 267.17886 203
3 173.34602 270.6865 271
1 242.0436 126.779396 373
2 267.42804 267.54102 203
3 173.35107 270.64313 273
1 242.49507 126.58731 373
2 267.1632 267.6834 203
3 173.35107 270.64313 273
1 242.84164 126.669395 373
2 267.7547 268.0664 205
3 173.9624 270.005 271
1 243.22823 125.28078 369
2 267.26562 267.9792 205
3 175.2064 270.39627 273
1 243.67212 126.12351 369
2 267.8501 268.1596 203
3 173.9817 269.99957 273
1 244.6323 125.94051 369
2 267.03625 268.224 203
3 174.00232 272.03 271
1 244.69977 126.60155 373
2 265.75348 268.21887 203
1 245.51428 126.558266 369
2 267.07077 268.49655 203
1 246.13377 127.06592 373
2 267.04373 268.29327 205
1 246.41113 125.86652 373
2 266.83664 268.20764 205
1 247.39581 126.73066 369
2 266.66125 268.35837 203
1 247.58125 126.44919 369
2 266.6841 268.28647 203
1 248.0635 127.434135 369
2 266.69177 268.5413 203
1 248.17935 126.13151 369
2 266.0025 268.45737 203
1 248.5937 125.73447 369
2 265.92374 268.37708 205
1 248.91599 125.74458 373
2 265.52484 268.38766 205
1 249.0783 125.18753 369
2 265.90768 268.40475 205
1 249.41066 125.38051 373
2 265.7264 268.25995 205
1 249.8021 125.216446 373
2 265.83417 268.24496 205
1 250.50996 124.96413 373
2 265.45367 268.51868 206
1 250.53171 124.955444 373
2 265.62402 268.45367 205
1 250.92712 124.47233 373
2 265.7006 268.39993 205
1 250.7504 123.61832 373
2 265.92084 268.51785 205
1 250.953 121.676704 373
2 266.14404 268.42007 205
1 251.05655 122.17698 373
2 264.96503 268.08865 206
1 251.41225 121.91953 373
2 265.76395 268.20737 205
1 251.45422 122.62512 373
2 265.35797 268.26065 205
1 251.314 122.025536 373
2 265.69226 268.35812 206
1 251.74213 122.61106 373
2 265.87268 268.53738 206
1 252.04459 122.60298 373
2 265.4186 268.51566 206
1 252.4939 123.27864 373
2 265.60074 268.64496 205
1 252.16698 123.28291 373
2 265.85645 268.434 206
1 252.5881 122.18894 373
2 266.13855 268.4549 206
1 252.75824 122.75916 373
2 265.93878 268.3727 205
1 252.61362 121.059265 373
2 265.40216 268.54138 206
1 252.80127 122.204956 373
2 266.163 268.4761 206
1 252.65025 121.61913 373
2 265.32648 268.5337 205
1 253.07462 122.78119 373
2 265.81653 268.5322 206
1 252.88557 122.61351 373
2 265.55463 268.52206 206
1 253.52817 121.89517 373
2 265.1721 268.16904 206
1 253.31331 122.03064 373
2 265.4691 268.47586 206
1 253.6559 121.91984 373
2 265.3506 268.52017 205
1 253.77133 121.94161 373
2 265.54816 268.3892 206
1 253.7464 121.836136 373
2 265.83276 268.50525 207
1 254.11998 121.25596 373
2 265.83423 268.5423 205
1 254.25278 121.48782 373
2 265.6454 268.37024 205
1 254.60999 121.65133 373
2 265.42508 268.44745 205
1 254.7197 121.177124 373
2 265.56805 268.57303 205
1 254.64725 123.297104 373
2 265.1256 268.4315 205
1 254.66034 122.74101 373
2 265.70752 268.4136 206
1 254.85252 121.17121 373
2 265.70184 268.41687 206
1 255.0995 123.068985 373
2 265.41168 268.54532 205
1 255.40244 122.01298 373
2 265.48373 268.37186 205
1 255.21254 121.047325 373
2 265.61868 268.39902 205
1 255.58754 121.41822 373
2 265.75952 268.50873 206
1 255.67975 122.28212 373
2 265.43005 268.54468 205
1 255.82976 121.50123 373
2 265.3001 268.42612 205
1 255.88121 121.38167 373
2 265.39948 268.6331 205
1 255.4299 121.0697 373
2 265.51822 268.467 206
1 255.36742 121.26394 373
2 265.6189 268.34393 205
1 255.27701 121.357956 373
2 265.34686 268.42868 205
1 254.37457 122.21281 373
2 265.2485 268.47348 206
1 253.8924 122.286545 373
2 265.25845 268.40005 206
1 253.10594 121.470436 373
2 265.49957 268.34158 207
1 252.87332 122.38336 377
2 265.3793 268.56497 207
1 251.6961 122.702545 377
2 265.36786 268.5976 205
1 250.89523 124.49132 377
2 265.08124 268.59396 206
1 249.30177 123.04949 377
2 264.84726 268.73508 206
1 248.91106 123.18306 377
2 265.17618 268.5921 206
1 248.13705 121.58779 382
2 265.08463 268.72827 206
1 247.06113 122.39893 386
2 264.9502 268.54834 206
1 246.1588 122.47649 382
2 265.4398 268.41693 206
1 244.77591 122.02485 377
2 265.2876 268.55423 206
1 244.19829 123.04683 377
2 265.4965 268.42108 206
1 243.42279 123.81723 377
2 265.52805 268.21692 205
1 242.99948 122.47116 377
2 265.3567 268.36743 206
1 242.28516 121.594986 377
2 265.575 268.1759 206
1 241.71075 122.8198 377
2 265.47464 268.16916 206
1 240.99081 122.41665 373
2 265.56934 268.17075 205
1 240.66089 122.258156 373
2 265.4269 268.35233 206
1 239.82936 123.941154 373
2 265.6546 268.472 205
1 239.94855 122.450066 373
2 265.31543 268.32938 206
1 239.31805 121.80851 377
2 265.92276 268.4416 206
1 239.4083 121.65135 377
2 265.39618 268.29504 205
1 239.47568 121.31417 377
2 265.61502 268.29843 205
1 238.82358 121.5511 377
2 265.5786 268.16528 206
1 238.63202 121.49354 377
2 265.4477 268.2406 206
1 238.3247 122.514046 377
2 265.69763 268.08994 205
1 238.74425 121.456024 377
2 265.2122 268.09827 206
1 238.78714 121.45558 377
2 265.39246 268.38943 207
1 238.59744 121.35537 377
2 264.7969 267.93008 206
1 238.72638 121.475204 377
2 265.61124 268.22803 206
1 239.40027 120.99374 377
2 265.5582 268.17035 206
1 239.45816 119.301865 377
2 265.23322 268.1276 206
1 239.85043 119.9415 377
2 265.27194 268.30463 206
1 240.72018 119.84502 377
2 265.5536 268.33456 206
1 240.51334 119.292496 373
2 265.95312 268.18616 206
1 241.31589 118.83556 377
2 265.85437 268.36044 206
1 241.69624 119.18095 373
2 265.39014 268.19693 206
1 242.04471 118.89611 373
2 265.46417 268.22418 206
1 242.34216 118.29983 373
2 265.86774 268.20093 206
1 242.55914 119.56816 373
2 265.5075 268.30963 206
1 242.37239 119.55098 373
2 265.5038 268.52527 207
1 242.63123 119.24288 373
2 265.8098 268.21204 206
1 243.05487 117.60068 373
2 265.42493 268.40613 205
1 243.32336 117.73233 373
2 265.48718 268.24976 206
1 242.71716 118.455696 373
2 266.10794 268.27768 206
1 242.03426 118.79576 373
2 265.80322 268.25055 206
1 242.41168 117.96916 377
2 265.62393 268.19373 207
1 242.1066 117.942276 377
2 265.51035 268.25693 206
1 242.10413 118.07429 377
2 265.77716 268.3515 205
1 242.53687 117.43646 377
2 265.45728 268.38626 206
1 241.59279 117.78879 382
2 265.72235 268.14615 206
1 241.545 119.22259 377
2 265.6791 268.10565 206
1 241.2894 118.87917 377
2 265.0706 268.0559 206
1 241.54431 118.20286 382
2 264.8128 268.24063 208
1 241.82288 117.96846 377
2 265.03458 267.83136 206
1 242.3338 118.34363 377
2 264.88574 267.97156 210
1 242.13678 117.3191 377
2 264.53333 268.05627 206
1 243.21619 118.09993 377
2 263.77396 267.98233 208
1 242.66263 117.94972 377
2 264.30023 267.71628 207
1 242.20624 119.12142 377
2 263.94986 267.99484 208
1 243.23413 118.00624 373
2 264.67194 268.18576 208
1 243.63179 118.23646 373
2 264.1908 267.83743 206
1 243.87936 118.16069 377
2 264.4115 268.1588 207
1 243.75597 119.31585 377
2 264.48886 268.00165 206
1 244.73355 119.292656 377
2 264.93008 268.00372 208
1 243.78046 119.89543 373
2 264.68787 268.0365 207
1 245.10202 120.73659 377
2 264.70624 268.1709 208
1 243.36572 120.570526 377
2 264.1809 267.8988 206
1 243.54123 120.49842 377
2 264.64563 268.02304 208
1 242.90521 121.24074 377
2 264.6374 267.9252 206
1 244.2399 120.15375 382
2 264.09634 267.83505 207
1 243.75742 122.187836 382
2 264.56744 267.8558 207
1 243.13074 122.72039 386
2 264.00836 267.92947 207
1 243.25931 124.56639 382
2 264.34952 267.9669 207
1 242.88202 122.52702 382
2 264.89987 267.62366 206
1 242.74199 122.97322 386
2 264.92245 268.4766 207
1 242.2703 122.087074 377
2 264.26697 267.8761 206
1 242.4765 123.24035 382
2 264.79837 268.01794 207
1 242.85535 123.19799 382
2 264.0282 267.9856 207
1 242.9968 123.49033 382
2 264.85776 268.23328 208
1 243.2844 124.06175 382
2 264.5553 267.95886 207
1 243.32166 124.57811 382
2 264.70685 268.38474 207
1 243.7711 124.350815 382
2 264.50476 267.9341 206
1 243.64569 123.726974 377
2 265.04626 267.96194 207
1 243.86082 123.84332 377
2 264.22882 267.9162 206
1 243.58585 123.89921 344
2 264.75577 268.01398 207
1 244.25084 123.67126 351
2 264.72952 268.17484 207
1 244.33292 123.486855 369
2 264.87125 267.85806 206
1 244.95705 124.187355 377
2 264.9171 268.12143 206
1 245.87614 122.602264 373
2 264.62878 267.90533 206
1 247.0032 122.206314 377
2 265.19885 267.92197 206
1 247.76186 122.00827 373
2 263.49225 267.6988 207
1 248.35693 122.39478 373
2 264.80908 268.0413 208
1 249.11743 121.207565 373
2 264.578 268.0174 206
1 249.77737 120.19877 373
2 265.03137 267.8684 207
1 249.95964 120.27584 373
2 264.2957 267.93164 206
1 250.11295 119.88699 373
2 264.7951 267.98026 207
1 250.23087 119.85031 373
2 264.47455 267.6552 206
1 250.17978 118.46847 377
2 264.95813 267.79245 208
1 249.84744 118.646515 377
2 264.3346 267.84518 207
1 249.79095 117.85334 377
2 264.9063 267.83902 207
1 225.49074 118.897285 395
1 225.31204 118.792145 399
1 226.05252 117.245674 395
1 226.56154 117.87042 395
1 226.39937 116.20967 399
1 226.82468 116.31228 399
1 227.63406 115.861145 404
1 228.52261 116.59128 399
1 229.37747 116.354866 399
1 230.34265 117.372826 404
1 231.87544 117.443886 404
1 233.9697 117.63897 404
1 235.258 116.966515 404
1 237.2578 117.52137 404
1 238.45743 118.67535 404
1 239.51186 117.80752 404
1 241.26743 117.52271 404
1 241.50822 117.84965 404
1 243.15321 117.479866 404
1 243.98665 116.870514 404
1 244.75458 118.084785 404
1 245.37744 118.53168 404
1 246.17786 119.39233 404
1 246.00128 118.95627 404
1 246.46178 118.91835 404
1 247.58788 120.54231 404
1 247.9282 119.93158 404
1 249.5639 123.57883 404
1 250.20378 122.37886 404
1 250.74097 122.40044 404
1 251.19899 121.8663 404
1 251.065 121.81918 404
1 251.1116 121.30264 404
1 250.9267 121.41681 404
1 251.01437 121.29182 399
1 250.43723 121.82397 399
1 249.69406 120.9413 399
1 249.01619 120.065186 399
1 248.6836 119.73598 395
1 248.37082 120.47556 395
1 246.67377 119.652115 390
1 246.60443 119.88294 390
1 245.7334 120.0134 390
1 245.05252 120.298485 390
1 245.18709 121.758766 390
1 244.47154 121.05687 390
1 244.32529 122.31755 390
1 243.93 121.11015 390
1 244.19786 122.20673 390
1 244.16231 122.60304 390
1 244.01779 123.07963 390
1 244.67615 122.498604 390
1 244.21635 121.870155 395
1 243.75708 120.83959 395
1 244.3579 121.459435 395
1 244.6634 121.249016 395
1 244.77258 120.67365 395
1 245.00455 121.246796 399
1 245.60599 120.046 395
1 245.77405 120.938774 395
1 246.28151 119.83768 395
1 247.08449 118.32029 395
1 247.46545 117.98918 395
1 247.93767 118.96512 395
1 247.19499 120.5699 390
1 247.49681 122.295876 390
1 247.32993 123.93678 390
1 247.69858 125.18754 390
1 247.8197 127.29933 390
1 248.03687 129.08292 390
1 248.26996 130.43456 386
1 248.38235 132.5693 386
1 248.60434 134.1788 386
1 249.00131 136.24399 386
1 249.47142 138.31909 382
1 249.42508 140.45694 386
1 250.21193 143.41895 377
1 251.10002 144.58704 377
1 251.40955 147.73288 373
1 252.46637 151.42822 373
1 252.77036 154.57422 373
1 253.6544 158.75418 373
1 254.87097 163.2846 369
1 256.57733 167.56764 369
1 258.19498 172.08311 369
1 257.40314 176.69783 369
1 257.816 179.01964 365
1 257.65814 183.27638 369
1 259.84134 184.47647 369
1 262.54276 186.79266 369
1 265.7877 185.85666 369
1 267.24466 186.68932 365
1 268.7314 185.02444 362
1 270.16064 185.81564 358
1 270.39517 185.12306 358
1 271.8343 184.95872 358
1 272.06702 184.85953 354
1 273.97528 183.41663 354
1 270.34097 187.30807 354
1 269.55963 187.83217 354
1 270.1341 188.86174 354
1 269.7202 189.27992 354
1 269.9717 189.33354 354
1 267.76263 189.31848 354
1 267.67786 190.08371 354
1 267.39587 189.50528 354
1 267.4347 189.59529 354
1 266.506 189.3692 358
1 260.98074 192.16086 373
1 262.40936 191.38724 373
1 260.16122 191.3425 373
1 258.99973 192.09396 369
1 260.64374 189.94983 369
1 258.84113 191.22125 369
1 257.83072 191.38092 369
1 256.24686 190.67126 369
1 256.54852 190.64696 369
1 254.31155 191.59602 365
1 252.79681 191.81557 365
1 251.57211 191.72871 365
1 250.7308 191.5313 365
1 248.57343 192.11833 365
1 248.92354 191.85597 362
1 246.74117 192.32034 362
1 245.7832 192.53503 362
1 244.6792 192.75235 362
1 243.64313 193.52129 362
1 243.00632 193.90373 362
1 242.8464 194.57756 365
1 242.38446 194.46582 365
1 242.951 194.34274 365
1 241.64519 196.03165 362
1 241.39197 196.45378 362
1 242.1002 196.96764 358
1 240.87625 197.77664 362
1 240.16338 198.91919 362
1 239.29936 199.96849 362
1 237.82681 200.93483 369
1 237.1983 201.7979 369
1 236.13863 201.8219 373
1 236.72748 202.03867 373
1 236.59842 202.05896 373
1 237.80095 202.23778 377
1 239.4902 201.65097 377
1 240.33316 201.8468 373
1 241.92615 201.65533 373
1 241.03386 203.37137 377
1 242.13354 201.3327 377
1 241.3081 203.36385 377
1 241.41705 202.46262 377
1 241.70099 202.56415 373
1 242.0167 202.46782 377
1 241.72247 202.76453 373
1 242.66528 201.97255 373
1 242.46234 202.01788 373
1 241.90987 202.22128 373
1 239.49138 203.78543 377
1 242.27753 202.20493 373
1 240.6196 202.68594 377
1 241.38925 202.3885 373
1 241.2927 203.02936 373
1 240.88385 202.95898 373
1 241.37415 202.35794 373
1 241.29652 202.23093 373
1 239.94041 202.92282 377
1 239.45856 202.43176 373
1 239.70395 202.38622 373
1 238.39851 202.29568 373
1 238.57434 202.06757 373
1 238.31981 202.86894 373
1 236.78345 202.87129 373
1 236.31659 203.2237 373
1 236.29465 203